0,038678784
0,18110439
0,06853045
-0,28553727
-0,03771128
-0,29026872
-0,19280463
-0,06502935
-0,2818384
0,0035699017
-0,24712454
0,32981434
-0,080953434
-0,1334665
-0,072430894
-0,021066796
0,047355037
0,08007912
-0,07482537
-0,20595655
-0,265107
0,308843
0,23314616
0,102935605
-0,095506325
0,23260126
-0,16690585
0,016345661
-0,2999378
-0,32008335
-0,2643128
-0,009529334
0,18076941
-0,3739699
0,18779399
0,13408986
0,0764796
-0,06322464
-0,21898232
0,025376009
0,2764818
-0,10388561
-0,10103743
-0,023485314
-0,19618654
-0,12635638
0,1646171
0,02282023
0,25674352
0,19632827
0,09043017
-0,30514222
-0,037697524
0,2299646
-0,36935496
-0,08079327
0,18706268
-0,27505872
0,1715757
0,0062985495
0,057089437
-0,0470097
-0,17539151
0,26920074
-0,12190066
-0,15351234
-0,29585984
-0,28185892
0,05026297
0,10225121
0,37769282
-0,18557444
-0,010797526
0,15900038
-0,13634472
0,0146896755
0,038103666
0,1537344
-0,026543157
-0,32864562
-0,18515165
0,18566656
-0,021652546
-0,17518458
-0,16636872
0,3138687
0,2873633
0,22778018
-0,29160002
-0,13545837
0,33052936
0,095444515
0,078004144
0,0712975
-0,18313818
-0,2303648
-0,35025695
-0,115527555
0,23804337
0,28542483
-0,08259696
0,21335189
0,25167966
-0,19470762
0,11991065
0,043622155
0,034102798
-0,2903418
0,083484754
-0,012759366
0,24191432
0,19860856
-0,014708226
0,13512237
0,08399623
0,23848718
-0,4121664
0,32967436
0,088569835
-0,23492604
-0,12929119
-0,28484702
0,28323722
0,12035303
0,10458211
-0,32183644
0,069658205
0,21976775
-0,03708379
-0,21199153
-0,19961591
-0,28760603
0,17058776
0,043144215
0,03546435
-0,16091359
0,28484622
-0,17644282
0,0695428
0,099312745
-0,2326737
0,16388965
-0,25975025
0,07510671
-0,043457255
0,255065
-0,1958982
0,22338481
-0,23595566
-0,01289804
-0,19757771
-0,17831053
0,19061045
0,13606001
-0,030038228
-0,28718522
0,1508799
-0,04826196
0,17316708
0,17631595
0,27318928
0,20831633
0,08916424
-0,015316316
-0,31716523
-0,049732987
-0,32654458
0,32369918
-0,30365467
-0,1844095
-0,31894353
0,24036823
-0,14004596
0,28921673
-0,29076472
-0,1297403
0,2883993
-0,11543505
-0,30449927
0,05718414
0,2400453
0,32163483
0,10838819
-0,2189554
0,26317778
-0,2546409
-0,013800402
-0,17558946
-0,3592068
0,06603533
0,0669165
-0,13914044
-0,0074853795
0,16305259
0,18378471
-0,05890666
-0,091669574
0,11565932
0,0077143246
0,19089279
0,42169467
-0,13023439
0,050826203
0,27962312
-0,2020705
-0,21165282
0,21814518
0,115297176
-0,008903293
-0,29089037
-0,37467667
-0,13758677
-0,11328699
-0,32717288
0,17052627
0,23582935
-0,29334933
-0,014325498
0,022150505
0,2121913
-0,3082332
0,13094123
0,14921394
-0,028769886
0,09324448
0,07859415
-0,11607502
0,036554847
-0,300234
0,0734416
-0,31122237
-0,16053766
0,23925273
-0,11282288
0,09830892
0,07018387
-0,20837724
0,18392354
0,2579913
0,2260092
-0,12681088
0,20831633
0,28916427
-0,31531632
-0,01716531
-0,24973299
-0,32654458
-0,07630091
0,29634535
0,31559035
-0,018943708
0,24036823
-0,24004596
0,08921668
0,2092353
-0,42974028
-0,011600717
-0,21543504
-0,10449923
0,05718414
0,2400453
-0,07836521
0,008388203
0,28104454
0,26317778
0,14535898
-0,013800402
0,3244105
-0,15920684
-0,2339647
0,16691653
-0,23914044
-0,0074853795
0,16305259
-0,016215358
-0,25890663
-0,29166955
0,11565932
-0,29228583
-0,10910716
0,121694654
0,26976565
-0,049173806
-0,22037679
-0,3020706
-0,31165275
-0,18185483
-0,2847029
0,09109672
0,10910969
-0,37467667
-0,33758694
-0,11328699
-0,22717276
0,27052626
-0,36417073
-0,19334926
0,2856747
-0,1778495
0,11219132
0,09176683
-0,36905888
0,24921396
0,17123012
-0,20675553
-0,22140585
-0,016075034
-0,06344516
-0,2002339
-0,026558429
-0,31122237
0,23946224
-0,36074725
-0,31282297
-0,20169108
0,2701839
0,19162276
-0,11607654
0,2579913
0,2260092
-0,044033673
-0,09049036
0,06931513
0,26135522
-0,30863285
-0,07698361
0,26507363
-0,22691968
0,2986322
0,0064501204
-0,27813256
-0,18917133
-0,0042937873
-0,015519009
0,19194435
-0,16326462
0,318768
0,22017652
0,29337046
0,20021904
0,04525738
0,17526375
0,20736395
-0,25304988
0,094526865
-0,22394584
-0,25346348
-0,09742285
-0,33584106
0,2758377
-0,24807519
0,25592053
0,3140528
-0,1090756
0,1794926
-0,15151058
0,298044
-0,19308403
0,092405
0,17080875
-0,018489499
-0,0542991
-0,0019467594
0,1945586
-0,036277816
0,21308006
-0,07836525
0,1004302
-0,09450782
0,10769272
0,35668033
-0,31828403
-0,022471832
-0,29182312
-0,2000476
0,26998943
-0,1050184
-0,06511368
-0,22940595
0,31260246
-0,01583753
0,15222
-0,36073187
0,26934212
-0,202693
-0,22131296
-0,16910432
-0,31748468
-0,030798977
-0,17886035
0,17826702
0,09375738
-0,37143013
-0,19891213
0,008138752
-0,23764592
-0,13343908
-0,19308618
0,014926419
0,18144968
0,027752634
-0,097409524
-0,118297406
-0,017745115
0,30212095
-0,3800629
-0,019569313
0,30159962
-0,29332662
-0,2544693
0,3186485
0,017166581
-0,30703044
0,18814571
-0,19692752
0,12659472
-0,071817175
0,027843213
-0,008244133
-0,23768497
-0,0539874
-0,21506803
-0,31970495
0,35268417
-0,300568
-0,25288457
-0,25177354
-0,29564464
-0,02465845
-0,3132227
0,09051607
-0,13680623
0,10005468
-0,11018912
-0,39885363
-0,25336853
0,061038464
0,12090635
-0,29430965
-0,0732713
0,32981712
-0,06577067
-0,29916608
-0,006721535
-0,13019097
-0,19183081
0,22327451
-0,10264854
-0,29771653
0,07473523
0,3154817
0,18847652
0,16248639
-0,09528855
-0,10658411
-0,03979162
-0,204325
-0,26661995
-0,11785016
0,22985618
0,28588086
-0,06059339
-0,19572046
-0,36048207
-0,10415293
0,18495093
0,15003702
0,007253511
0,07755564
0,24149257
-0,10990807
-0,019659812
-0,16606833
-0,08337748
0,009118098
-0,33023676
-0,21859805
0,12492824
-0,051290106
0,28699324
-0,27224734
0,20259058
0,4817025
0,28225476
-0,29787907
0,11993723
0,08043067
-0,098400414
0,3066734
0,1455308
0,3186485
0,017166581
-0,107030645
-0,2118543
-0,19692752
-0,07340533
0,32818285
0,32784328
-0,30824423
0,06231504
-0,0539874
-0,31506798
0,08029507
-0,24731578
-0,00056799344
-0,15288457
-0,05177352
-0,19564469
0,2753417
-0,11322267
-0,109483935
0,06319379
5,470146E-05
-0,010189104
-0,098853655
-0,25336853
-0,038961545
0,12090635
-0,29430965
0,22672865
-0,07018271
0,03422936
0,20083381
0,2932785
-0,33019108
0,20816919
-0,17672549
-0,20264852
-0,29771653
-0,42526478
-0,28451833
-0,111523554
0,16248639
0,30471137
-0,10658411
-0,23979163
0,29567492
0,33338007
-0,2178502
0,22985618
-0,014119114
-0,06059339
-0,19572046
0,039518062
-0,20415297
-0,0150491195
0,25003684
0,20725355
0,17755574
0,24149257
-0,20990813
-0,21965985
0,23393163
0,016622525
-0,09088189
-0,33023676
-0,118598014
0,22492824
-0,35129005
0,18699338
-0,30048206
-0,17871657
-0,22789566
0,28965196
-0,24883227
-0,3091484
0,20969285
0,042701844
-0,32214436
-0,19633618
-0,09391592
-0,11790932
-0,10936518
-0,23159623
-0,234958
0,22303726
-0,32092297
-0,2960012
0,1863606
0,12149493
0,13664289
-0,20021367
-0,14724386
-0,23845857
0,2416092
0,19359599
-0,0049978956
-0,19700794
-0,08389885
-0,103935316
0,17921025
-0,22810131
0,2374824
-0,0710339
0,032784715
-0,28453764
-0,13208325
0,017083412
-0,037446223
-0,2753769
-0,02978364
-0,09219314
0,24071874
-0,027913263
0,045657758
0,10785367
0,30447355
0,030542936
-0,2098026
0,040607013
-0,2529589
-0,17417003
-0,30372602
-0,013714782
-0,31600913
0,14055566
0,1567189
0,36474177
0,24637786
-0,0305522
0,06201798
0,08594791
-0,26871046
0,1025233
0,0012520719
-0,34993216
0,00018853188
-0,4096734
0,076321125
0,27580962
0,24152029
-0,025085699
0,014748836
-0,03723441
-0,31851244
-0,16150095
-0,1928922
0,13907547
-0,14670888
-0,13361017
0,44820654
0,22042498
0,15639578
-0,4310588
-0,23212661
0,022546329
-0,31553885
-0,28125042
-0,1663344
0,18659222
-0,117297284
-0,37883767
0,110187046
0,30488947
0,058142442
0,19418822
-0,14772533
-0,24399884
-0,30174673
0,19933821
0,28984272
0,27007383
-0,057371616
-0,18497306
0,10075219
0,15595284
0,019193351
0,005309329
-0,07737441
0,07101879
-0,08003622
0,06524545
-0,06774917
0,16688752
0,09847056
0,18947633
0,3311835
-0,40770492
-0,21569248
-0,020369768
0,022281831
-0,0017851923
0,059158377
0,14399828
-0,07279843
0,024905222
0,31425098
0,04442071
0,17025788
0,024535464
-0,16119593
-0,35349268
0,18839335
0,27418813
-0,02187936
0,30574694
0,12231524
0,04662538
-0,20548104
0,048806053
0,14824401
0,11718957
0,5736318
0,22426909
-0,09765927
-0,15977909
0,093377806
0,16385885
-0,09947014
0,19287302
-0,4310505
-0,03783821
0,2585805
-0,39707133
0,036781203
-0,076149814
-0,3939175
-0,28349867
-0,07965487
-0,2582752
0,6517851
-0,2663706
-0,06876549
-0,40440422
-0,08847637
0,06881858
-0,2991371
-0,09012421
-0,15617381
0,068132676
0,28489444
-0,3987744
0,18591402
-0,020321498
-0,20259239
-0,04779387
-0,1634369
-0,36021674
-0,10731462
-0,04877621
0,18994954
0,34519243
0,24922507
0,16869366
-0,370354
0,422971
-0,20854452
0,14648412
-0,1990077
0,121733725
0,2795343
-0,2173815
0,27335584
0,37295637
-0,105305135
0,33460608
0,323217
0,057368174
-0,26296163
-0,6533225
-0,46864426
0,006975689
-0,015880492
0,08335298
0,26947188
0,22352153
-0,02522787
-0,23064801
0,27776277
0,34033227
0,029113654
-0,38351536
0,26279658
0,08683116
0,0632474
0,13342556
0,115012325
0,25854635
-0,17092939
-0,14806226
-0,3329645
0,08497483
0,08484951
0,29221353
0,21736318
-0,04844511
-0,051093765
0,24547267
-0,06246618
0,09165449
-0,09066476
0,49848947
0,23016071
-0,33719847
0,21169624
-0,33536917
-0,28842154
-0,10756191
0,10015791
-0,2271153
0,23705153
0,23092768
0,012088981
0,14830053
0,16770083
0,05916251
0,18681198
-0,240706
-0,12703383
0,26279297
-0,027351823
-0,035128318
0,5144108
-0,084738515
-0,2626878
0,0066007245
-0,27834862
0,35337886
0,015955625
0,047458973
0,07711927
-0,050526828
0,070158534
-0,28039247
0,050952006
-0,15179893
-0,286188
0,22372033
0,2413694
-0,24445224
-0,3089429
-0,47845897
0,2203102
0,081584305
-0,042733792
-0,51491594
0,04795568
-0,2092526
-0,2728628
-0,6867396
0,2661949
-0,41374916
0,13750775
0,9040569
-0,047792684
-0,18618897
-0,16062075
-0,12935093
-0,29735062
0,14139262
-0,48197997
-0,5217174
-0,024274658
-0,2897078
0,12286356
0,03140944
-0,32928392
-0,11070209
-0,41411424
0,43220833
-0,14299284
-0,058372796
-0,33917055
-0,30067688
0,07060355
0,15382649
-0,28165972
0,003926255
-0,388711
-0,11344676
0,78765213
-0,33336458
0,2890306
0,32081252
0,028664023
0,45411208
-0,45227864
-0,3469023
0,30574888
-0,07540924
-0,3366901
0,18356553
0,16284151
-0,16318694
-0,23637146
0,21499366
-0,12369635
0,024709761
-0,28560513
0,046495646
0,38494846
0,12994434
-0,18475825
-0,24468799
0,09610081
-0,37691674
-0,31921825
-0,18446073
0,01755948
-0,040594924
-0,12586729
0,17587793
-0,38056752
-0,3445465
0,10052619
0,17853238
0,09025948
-0,28853357
0,18474501
0,27773935
0,20889711
-0,3347747
-0,12109003
0,018195068
0,28615817
-0,025086524
-0,24277881
-0,24804682
-0,21596995
-0,14663026
0,19389309
0,036987737
0,00043468305
0,35875207
-0,3352157
0,28804457
-0,30918244
-0,074124455
-0,33857352
-0,051946633
0,21989584
0,07915489
-0,058748584
-0,063754015
-0,2733492
-0,3202334
0,0922437
0,05454997
-0,20343825
-0,25807002
-0,24822009
-0,30404663
-0,07302203
-0,36094376
0,16986582
0,22234152
-0,22182254
-0,08570091
-0,17914824
0,347345
0,5450088
0,18291436
-0,36644313
-0,09351281
0,27558294
0,087085776
-0,1844176
-0,120680556
0,21919534
0,16173169
0,22618113
-0,3262612
0,38077158
0,008635069
-0,28514862
0,4000348
-0,01495917
0,32324404
-0,044012986
0,17510274
-0,36444876
-0,14264114
0,03297894
-0,21252677
-0,32969245
-0,27770787
0,3380804
0,04678339
-0,21075223
-0,22386168
0,13948022
0,29624903
-0,46101198
-0,28789812
-0,022146702
-0,36332452
0,21362752
-0,13823172
-0,051412024
0,0871725
0,4016543
-0,17449488
0,004367303
0,2613739
-0,13994233
-0,43786448
-0,25380513
-0,029005965
-0,18098187
0,24514388
-0,18162881
-0,11813213
-0,23701623
0,022368347
0,30398384
-0,23372024
-0,20141244
0,24527498
-0,2713719
-0,057546835
0,11073896
0,16927001
-0,32648358
0,16080737
-0,3350665
-0,26626444
-0,3595107
0,36908224
0,1489048
-0,22525984
-0,336012
-0,13168691
-0,09677372
0,22588708
0,106082864
0,28398505
-0,11370985
-0,20067632
-0,26180577
0,40820667
-0,2633282
0,16447686
-0,016878434
-2,827803E-05
0,283103
0,041425206
0,08380909
-0,08651823
-0,16934152
-0,12809479
0,18798597
0,2927043
0,33904165
0,36777622
0,24315386
0,5292697
0,2058068
0,23995131
0,07518858
0,5078019
-0,32001016
-0,29972446
-0,22316483
-0,40061533
0,0623755
0,13565429
-0,2820901
-0,14076126
-0,31692052
0,28105178
-0,4123714
-0,074590996
0,14845797
-0,074799284
-0,01253556
-0,32234892
0,017818179
0,24500512
0,2848756
0,28942943
0,17457716
0,12902333
0,13256514
0,19448751
-0,22873016
-0,27299073
-0,22064455
-0,009331479
-0,102162294
0,4412492
0,32179374
0,061964013
0,11988981
-0,39306232
0,15906303
0,08150927
-0,2585105
-0,34073213
0,218996
0,31359953
-0,14238589
-0,0899899
-0,14259996
-0,21214135
-0,37458536
-0,00022760303
-0,4067975
0,26716128
-0,238311
0,012691209
-0,0614755
-0,22807078
0,15805241
0,03715488
-0,18672484
-0,06781931
0,11029257
0,067736216
0,22318892
0,05738489
0,06299634
0,20333035
0,12166635
-0,09297635
-0,34874067
0,05827142
-0,15756215
0,21870469
-0,19311136
0,21338241
0,17317405
-0,17210932
0,37930235
0,3138748
0,02326294
-0,15117191
-0,18206112
-0,12933035
0,16781116
0,20942281
-0,16772293
0,03927567
0,09431575
-0,025694247
-0,041926615
0,2748861
0,10423419
-0,22858073
0,24341817
0,07741577
-0,40262964
0,15138447
0,09560409
0,1962942
0,039547816
0,09245092
0,16312502
-0,3000673
-0,2874376
-0,032852832
-0,2518738
-0,057343878
0,043847777
0,27008885
0,008969943
-0,2228673
-0,15243608
0,18741298
-0,2770492
-0,06594834
-0,12724623
0,11713061
-0,1257152
-0,33275533
-0,13778926
0,26027316
0,2588655
-0,42576802
-0,3427983
-0,11914574
-0,08019479
-0,0062226756
0,353921
-0,26301104
0,17738372
-0,108162984
0,02554142
-0,041112654
-0,25508872
-0,561974
-0,0067752367
0,0647794
-0,23450245
-0,25556326
0,08023624
0,14137009
-0,23826389
-0,63308793
0,16121127
-0,25419834
0,07551586
0,17565219
0,09232387
0,20544522
-0,22547455
-0,16167927
-0,41532254
-0,0612362
-0,40020204
0,09875971
-0,17132151
-0,10104999
0,48035923
0,5073846
-0,13689986
0,1802079
-0,123007394
-0,042045124
0,33000422
0,113834344
0,22117923
0,36526427
-0,06978977
-0,38268977
0,13133152
0,5113272
-0,23953472
-0,1992108
0,10148504
-0,19405958
-0,005618995
0,13897824
-0,18799214
-0,14028044
0,22379082
-0,32951993
0,12416685
0,25944635
0,18313615
-0,10649818
-0,3006255
-0,05997963
-0,206839
0,34108025
-0,20817903
-0,45364463
-0,10653102
0,1364426
0,106606625
0,4142533
0,115142696
0,3266428
-0,41750246
0,0018305196
-0,0056071635
0,10114238
-0,07846855
0,23062101
-0,22933586
-0,34144604
0,16238134
-0,12715754
0,14262019
0,312916
0,26503256
0,14451814
0,1965451
0,3425287
-0,42607385
-0,2387256
-0,2775715
0,22464934
-0,22435701
0,21502379
0,04833598
-0,15119009
0,04956242
-0,2806337
-0,012777565
0,17386751
0,3155747
0,014150261
-0,31162378
-0,19009708
-0,34687772
-0,006311936
0,0037979088
-0,33412275
-0,057063784
-0,40224853
-0,1720492
0,09577686
0,26472434
0,26531655
-0,20840402
0,19513562
-0,2559827
0,022572923
0,28210127
0,16284077
-0,13742194
-0,010553976
-0,11567214
-0,08138342
-0,05644424
0,5548801
-0,17337458
-0,13093074
-0,36586902
-0,02773135
0,059301607
-0,39812428
-0,4564175
0,18491869
0,17319098
0,05964645
0,28784654
-0,0668456
0,068392985
0,05007611
-0,08728579
0,5241508
-0,032955695
0,23078498
-0,19404633
0,014050486
0,28046614
0,018725764
0,011285741
0,21060108
0,73076624
-0,013280742
-0,12578726
-0,36372384
-0,13187508
-0,119862914
-0,15041989
0,22232932
0,062196236
-0,55675936
0,1401815
0,23929638
0,21529925
0,20831901
-0,08414543
0,15047993
-0,102955095
0,3143999
0,11915661
-0,0030290736
-0,28045264
0,33220437
-0,4329152
0,0042083208
-0,10534151
-0,32609314
-0,4239421
-0,29253703
-0,25229916
0,51188844
0,4990677
-0,44999343
-0,07911079
0,17972252
0,15937003
-0,37844998
0,05631556
-0,2986741
0,04399133
-0,06270368
-0,30478534
0,101190746
0,34150627
0,37841332
0,110975504
0,013067648
-0,4054937
0,3377547
-0,27661422
0,2832636
-0,2434828
-0,10826328
-0,14298159
-0,3888882
-0,2957378
0,05486634
-0,13912918
0,31023857
0,1359496
-0,6894192
-0,47260913
0,20200536
-0,21571183
0,19149822
-0,032612823
-0,4252463
0,27252862
-0,22220205
-0,36765817
0,09763315
0,059363943
0,11690525
-0,17198436
-0,28276846
0,26035303
0,1035765
-0,30439487
0,58925074
-0,27588332
0,39411914
0,31036645
0,018627038
-0,32739687
0,013511411
0,05504083
0,2632623
0,24946068
0,03353868
-0,045510896
-0,01402534
0,5637504
0,3775901
-0,17786454
-0,110086784
-0,08830159
0,011419277
-0,30362484
-0,37172082
-0,19376469
-0,10446378
0,17848147
0,12726867
-0,313779
-0,5952627
-0,38762397
-0,020027278
-0,010327857
-0,29065633
-0,28992814
0,55370855
0,7026659
-0,15955257
-0,13293926
-0,20249747
0,15162504
-0,19315237
0,18339334
-0,26810157
0,5521407
-0,044158615
0,2285952
-0,44580218
-0,17500561
-0,24211062
-0,45432815
0,14501448
-0,4715827
0,29044524
-0,2309491
-0,15082556
-0,21162935
-0,444647
0,18184462
0,41874564
0,052004553
-0,081399426
-0,11903016
-0,15798467
-0,09126039
-0,24629743
-0,19380713
0,052133564
0,41019472
-0,09634607
0,10446358
-0,04292092
-0,37739336
-0,18154792
0,075534105
0,0747575
-0,07880927
-0,54730296
-0,46043894
0,3540439
0,33142987
0,4266924
0,344707
0,14848721
0,13678716
-0,3765716
-0,3282967
0,00974758
-0,39182022
-0,016654767
0,07648916
0,23167273
-0,28365594
0,72393644
-0,28285807
0,4741602
0,19497028
-0,20552416
-0,009851047
0,08797293
0,102723844
-0,005384608
-0,31441647
-0,32234168
0,27801013
0,5468002
-0,21460533
0,101540506
0,7286578
0,079863854
-0,39933988
-0,44236317
-0,38786665
0,7895435
0,20112965
-0,08272901
-0,20334627
0,6051093
0,037626628
-0,046033517
-0,06079567
0,06865116
-0,22073035
-0,7215105
0,39224005
-0,40470728
0,32714006
-0,39884353
-0,8160738
-0,45022312
-0,054784074
0,26190093
-0,16099122
-0,47841066
-0,46155
-0,24772364
-0,19445816
-0,62879306
0,4007039
0,50259525
-0,4531759
0,04704689
-0,22801106
-0,30911618
-0,06641245
0,29937175
0,27258655
-0,32101125
0,2674117
-0,3882314
-0,27461958
0,20623226
0,022079648
0,29741707
-0,023226738
0,22813766
-0,22815844
-0,5211286
-0,29970372
-0,037852183
0,52820414
0,17305076
0,6602671
-0,12345992
0,15790759
-0,4444992
-0,62766814
0,109718174
-0,21539377
-0,40028173
-0,018247996
-0,32250607
0,3623097
0,5445472
-0,099532895
0,83148706
0,3409104
-0,30213794
-0,04113136
-0,31234553
0,13051358
-0,1270736
0,043268044
0,1370202
0,48583993
-0,008216712
0,17620017
-0,113017835
0,6437092
0,116222955
-0,532375
0,24260966
0,22747974
0,6177573
-0,003100268
0,03657612
-0,028192876
0,5918632
-0,07639274
0,018488795
-0,42873898
0,31784597
-0,07182978
-0,63814664
0,018624159
-0,25833458
0,2713555
-0,39874098
-0,021779228
0,012212877
0,17982423
0,001396881
0,5795999
0,22625694
-0,008853382
0,34429497
0,37054083
0,44327825
0,6504471
0,07685629
-0,0055542467
-0,5898913
0,13985032
0,08527899
-0,35119656
0,034479424
-0,015273868
-0,33948532
-0,37087223
0,38510153
0,06740263
-0,088170335
-0,38363218
0,20950425
0,13481665
0,16573083
0,035810463
0,18573299
-0,44207954
-0,14900617
0,42214295
-0,18267076
-0,40159065
0,22201174
-0,19538938
0,006764239
-0,30826598
0,071307026
-0,32787108
0,6818536
0,24630079
-0,40538505
-0,30043408
0,032887574
-0,4513764
0,41509736
-0,42039448
-0,66267794
-0,015473896
0,09667694
0,13210233
-0,48530823
0,24507813
-0,12737913
-0,15143725
0,26347667
-0,33582935
0,04495567
0,2575986
-0,3699248
0,25187486
0,037294626
0,11771365
-0,31350276
0,12656334
-0,18213743
0,37838444
-0,42669582
-0,068848446
0,16696046
-0,1848884
-0,15276639
0,054341637
-0,11182942
0,12455862
0,13340114
0,1097951
0,031120686
0,35339153
-0,02848344
-0,02453183
0,21069978
0,4507232
-0,17541903
0,056166597
0,17713
0,19325544
-0,38477483
0,018949362
0,24748024
-0,06692567
-0,6516239
-0,30198672
0,6022495
-0,15408248
-0,2946361
-0,08637545
-0,08544186
-0,36784446
-0,3098273
0,07131549
-0,36540043
-0,03923112
0,043912772
0,068778664
0,25873926
0,030351106
0,020750599
-0,06260873
0,104435585
0,63336074
-0,46601117
-0,28760463
0,08281817
-0,17881832
-0,11340756
0,044964623
-0,15223737
-0,06635244
-0,14188989
-0,18436831
-0,03180892
0,04665612
-0,2459406
-0,0735462
-0,24353567
-0,35401708
-0,6715229
-0,49016196
0,07028827
0,01927779
-0,2491793
-0,23923945
0,15399677
-0,11089441
-0,059332807
-0,3965813
-0,18195593
0,33241022
-0,46880203
-0,25921148
-0,26970166
0,3637364
-0,10123256
0,2886719
-0,09110767
-0,06346723
-0,002407342
0,33772355
-0,2741712
-0,27829507
0,46977568
-0,13752382
0,30615842
0,09847435
-0,060666006
0,017688675
-0,11809919
0,6168172
0,20185737
-0,11141661
0,20404863
0,28618053
0,22520241
0,25114694
0,26689932
-0,3778532
-0,51284146
-0,4600537
0,16983174
-0,4059045
-0,73015636
0,18255773
0,1744508
0,090399005
-0,27379414
0,11707904
0,44700283
-0,49228793
0,2761783
0,30814627
-0,29610696
-0,11968513
0,34029615
0,022366697
0,23616607
0,38183326
0,2272974
-0,3994597
-0,08736311
-0,12355293
-0,08351605
0,061553475
-0,32897967
0,42145315
0,67104065
0,10746976
0,59831864
0,02328872
-0,48702
-0,3045389
0,08257223
-0,34731364
0,042061843
0,1671091
0,29976588
-0,16878584
-0,3477035
0,11228095
0,10018549
-0,2570228
0,13888294
-0,21871608
-0,16277541
-0,047918536
-0,2710536
-0,20432328
-0,0054873014
-0,046046667
-0,39173642
-0,13353565
0,07292702
0,059040494
-0,20797868
-0,05412755
0,081189655
-0,10826065
-0,03281287
-0,1313098
0,15699193
-0,05464761
-0,16062476
-0,29782787
0,39027658
-0,3158497
0,056431584
-0,2567893
-0,323621
0,7448399
0,13882785
0,084773086
0,67369926
0,23038091
-0,41083035
0,27053332
0,58071226
-0,18790843
-0,6361362
-0,32055777
0,049662136
-0,22480926
-0,94206506
0,023350405
0,11994857
0,39785415
0,033165354
-0,39359134
0,66442573
-0,17449307
0,40916407
-0,18423946
0,25641993
0,28584963
-0,01741291
0,11264824
-0,04462573
-0,15372397
0,1946349
-0,4716784
0,1457953
-0,66897196
-0,16052629
0,01580621
-0,06848386
0,07740615
0,84590983
-0,19071291
0,74564797
-0,12926672
-0,41365707
-0,17231698
-0,1659898
-0,10322187
-0,35378328
-0,24427265
-0,091176115
0,018869722
-0,58779484
0,48481452
0,2364782
0,019496514
-0,45771223
-0,00941703
-0,08454559
-0,62911713
-0,24244386
-0,338106
0,21123251
-0,31937808
-0,04555698
-0,44555962
-0,14376317
-0,17266497
-0,69684726
0,2091971
0,08355274
-0,28481907
-0,067604765
-0,15986
-0,17968404
-0,43761376
-0,327218
-0,35398635
0,45726004
-0,8721938
0,45104215
-0,27169573
-0,27159765
0,06712736
0,33700556
0,32522485
0,042840954
0,183637
-0,18791004
0,2508219
0,53615654
-0,06531462
-0,51767814
-0,3431747
-0,54473007
-0,12138006
0,102645986
0,12530181
0,10965761
0,100889914
0,2859742
-0,5866524
0,31570116
-0,08188685
0,5453333
0,22012311
-0,2435815
0,07914339
-0,17886819
0,17004769
-0,18878284
-0,29747185
0,4480575
-0,030420423
-0,23761824
-0,8331657
0,043591827
-0,09401273
-0,28745365
-0,41926265
0,71608627
0,17890276
0,6383781
0,066598445
-0,5938634
-0,075902864
0,025018837
-0,45154145
-0,57762265
-0,02084215
-0,3037564
0,31884035
-0,2519164
0,041120373
-0,05331437
0,16472986
0,0035352577
-0,029042576
-0,17195201
-0,60106695
-0,28675964
0,21314403
0,21000902
-0,20359921
-0,027979355
-0,07345524
-0,360263
-0,058628455
-0,6664339
0,08832269
0,031032648
-0,08497634
-0,31778902
-0,43225116
-0,24136545
-0,2921491
-0,59937793
-0,5723789
0,3942179
-0,46549168
-0,013012778
-0,54165244
-0,29036483
0,6247618
-0,008517014
0,19385259
-0,24738483
0,48982114
-0,13611817
0,00082493207
0,26360127
-0,050901625
-0,2845736
-0,33786312
-0,40765896
0,19211382
0,26345646
-0,33882526
0,18369432
-0,008309063
-0,2717235
0,0726723
0,24676788
-0,36613634
0,38775492
0,15297073
-0,3531839
0,23993589
-0,3743498
-0,3024069
0,054895766
-0,24949118
-0,14899158
-0,22788665
0,08535842
-0,43297067
-0,2759888
0,08435763
-0,33273482
0,09874096
0,25681782
0,2837219
-0,033651035
-0,007818584
-0,23086861
0,20221138
-0,15662085
0,113219686
-0,13869761
-0,3220551
-0,33876246
0,13186042
-0,018904496
0,4211682
-0,3398724
-0,42950603
-0,44302058
-0,011170996
0,3820659
-0,021649161
-0,29764453
-0,111379236
0,343074
-0,7647591
0,052344076
0,041838903
-0,55527747
-0,416812
-0,40372276
-0,15955622
-0,38479823
0,32277808
-0,67200327
-0,09516916
0,071557045
-0,4254019
-0,30934176
-0,32123405
0,002192175
-0,4567039
0,09261933
-0,39277244
0,2788627
0,89666146
0,44264203
-0,21996173
-0,00785653
-0,5946367
-0,008388603
-0,19874097
-0,100428835
-0,2190903
0,5342727
0,0146044595
-0,075370185
0,15161122
0,28875437
-0,13391444
0,114945054
-0,37032485
-0,43447408
-0,39050126
-0,31211665
-0,49366933
-0,4058267
-0,18622509
-0,2800119
0,048713498
-0,24249318
-0,75519127
0,37578514
-0,11486937
0,46188712
0,22864597
-0,35083988
0,16900204
-0,15562871
-0,1512716
0,21097097
0,20367819
-0,17106244
1,0798209
0,31979844
-0,27972823
-0,0297881
-0,3530152
0,44939768
0,01087428
-0,07948926
0,10143871
-0,31716716
-0,13078408
-0,08311678
-0,13719259
0,2087799
-0,07485995
0,06207101
-0,09023141
0,3621781
0,23962086
-0,3730663
-0,14625654
0,233637
-0,61654097
0,15774082
-0,109337345
-0,1396525
-0,47138107
-0,25236896
-0,14589089
-0,07072422
0,21836375
-0,50898534
-0,7836988
0,18177068
-0,112327114
-0,66869223
0,25733268
-0,028940354
0,17344002
-0,30737862
-0,4405759
-0,524737
0,64706427
0,15720922
-0,016056988
0,1318697
-0,08162151
0,8644022
-0,30813506
0,19164518
0,42101192
0,165971
0,20489414
0,050791074
-0,0060410625
-0,2545909
0,29142365
0,28524822
0,2378513
-0,8340129
-0,13417423
-0,49349186
-0,20365947
-0,031423986
-0,20409226
-0,83352256
-0,16836385
-0,19344972
-0,20455888
0,1094737
0,7364458
0,673471
-0,039939925
0,1373025
0,28726587
0,31626588
-0,24628964
0,97060233
-0,10280037
0,19068293
0,8256481
-0,23047468
-0,31691194
0,024707196
-0,442582
-0,16619842
-0,32641184
-0,41796923
0,2678183
-0,032283958
0,108939305
0,5206936
0,3903421
-0,06455106
-0,051820654
-0,17088789
-0,5164917
-0,1933791
0,7466505
-0,10498225
-0,27735138
-0,42387104
-0,24764994
-0,5230948
-0,8116301
-0,57908887
-0,44444022
0,37242725
0,076462656
0,20351146
0,26093522
-0,4170304
-0,62599236
-0,15661697
-0,23835668
-0,55739266
0,011488213
-0,10874485
0,2727319
-0,36717156
0,45968026
-0,5449973
0,19363888
0,43680444
0,14312513
-0,3552672
-0,46964204
0,29659918
-0,6212218
-0,0133087
0,029622765
0,32013544
0,18257909
0,155529
-0,5854681
0,20042735
0,06759809
0,008199287
-0,2335947
-0,7684172
0,08082278
-0,43944833
-0,30666155
0,13319843
-0,17783916
-0,6620887
-0,1040086
0,072348855
-0,19544019
0,20052186
0,28567183
0,32018256
-0,45816272
0,21845633
0,31315663
0,37266573
0,08315936
0,51521283
-0,13900712
-0,4585649
1,0015798
0,38966668
-0,53712434
0,16085576
-0,729095
-0,03233972
-0,18883164
0,17023239
-0,3429716
0,22009979
0,73796964
0,3755019
0,13008456
0,012571681
-0,081045285
-0,33306605
-0,2117732
0,061743665
0,53089017
0,12679453
-0,14848714
-0,17192106
-0,1738199
-0,63926756
-0,5145257
-0,21759671
-0,41203985
0,036416452
-0,27049872
0,3797142
0,6969649
-0,068882115
-0,9385031
-0,24400565
-0,29308268
-0,84022385
0,08542318
-0,23065667
-0,09733389
-0,52085567
0,21440056
-0,2671655
0,05361898
0,36146098
-0,27771977
-0,4688806
-0,18704659
0,26401833
-0,46634126
-0,51538676
0,3160779
-0,25829142
0,12391802
0,11941103
-0,6247452
-0,19710325
0,108548366
-0,0709841
-0,3228188
-0,20857444
0,15730262
-0,5318515
-0,07321754
-0,26440045
-0,23787554
0,12670423
0,27068165
-0,4336806
-0,221809
0,0012471986
-0,030449776
0,4722627
-0,4980404
-0,12850289
-0,16198377
-0,06948664
0,11773111
0,20136191
-0,026896447
-0,4030229
-0,1891066
-0,030601643
0,019051708
-0,38109064
-0,5260835
-0,13526231
0,17269354
0,3484544
0,05387493
0,25013885
0,5383086
-0,23363084
0,1890549
-0,42517984
-0,16512138
0,002617655
0,0045182356
0,05941749
0,13688557
0,19080432
-0,2862049
-0,23754324
0,37900794
-0,43618846
-0,89831406
0,1564337
-0,04094793
0,403649
-0,073671356
-0,37932885
0,01855003
-0,046317052
0,51945555
0,0022826982
-0,33301777
0,19010729
0,16528545
-0,081630275
0,29446536
-0,07692955
0,36894435
-0,3092362
-0,3782141
-0,060996864
0,7723056
0,29768136
0,29552025
-0,30578235
-0,4450225
0,37551993
-0,18119466
-0,15729302
0,098243475
-0,2119665
0,08384828
-0,35779914
0,23638518
0,27899686
-0,38892183
-0,003460369
-0,15128739
-0,17662725
-0,13145451
0,23524694
-0,36578533
-0,57434154
-0,13657911
0,33660227
0,70440394
0,27360776
0,26008886
-0,067661874
-0,6874236
-0,35508597
0,5097984
0,14376147
-0,3162647
-0,23547475
-0,07395889
0,012720333
-0,15587825
-0,53681767
0,03828996
0,34355664
0,14854535
-0,34700385
-0,40631583
0,10562992
-0,085293315
0,057024274
-0,36474574
-0,56679595
-0,41265523
-0,5482935
-0,5126685
-0,06915461
-0,11731685
-0,19696309
-0,26505023
0,641091
-0,33127373
-0,5031898
-0,13567321
-0,5165471
-0,017024275
-0,02289219
-0,08303017
-0,008458048
-0,052249745
0,38869473
0,32040265
0,045486577
-0,15536779
0,16853285
-0,33397466
0,65152806
-0,08394571
-0,21182258
0,3797443
-0,24097887
-0,4257008
-0,0012319221
-0,34826958
0,048496276
0,0043167174
0,46123615
0,32500327
-0,2754642
-0,44960037
0,4651265
-0,18209009
0,121590964
-0,23511401
0,031042553
-0,25138894
-0,72702205
0,28377733
0,09022342
-0,14897053
-0,44276586
-0,24945213
0,4950158
-0,5444748
0,5442508
0,16576909
0,013322312
0,23320474
0,23169681
0,78691816
-0,025409311
-0,056352776
-0,09397405
-0,39898813
-0,24892128
0,4253639
-0,014826975
-0,01894479
0,25762054
-0,1775649
0,7188882
-0,1969598
-0,38489485
-0,34886396
-0,2206447
-0,01776742
0,043583766
-0,10306394
0,20226601
-0,44644207
-0,19633116
-0,5825251
-0,1251899
0,04777769
0,048867587
0,08955962
-0,49186414
0,084152825
-0,3956153
-0,036008965
0,19314335
0,15098982
-0,11877992
-0,17892067
-0,09442347
-0,3712583
0,109394036
0,11135829
0,10034317
0,2533166
-0,25503525
0,1303682
0,10108531
0,29683474
-0,08946041
0,1556341
-0,09042832
0,16032754
0,15482387
0,08572478
-0,12288674
-0,09187675
-0,2942352
-0,2325039
-0,055424225
-0,13697825
0,09252934
0,5373686
0,17448461
-0,34294644
0,4307866
-0,07302215
-0,4073736
-0,30049363
0,048697602
-0,4856634
-0,0797406
0,18404554
-0,09573028
-0,10629676
0,01440156
-0,33665985
0,16151853
0,09164583
0,03980353
-0,13626245
-0,23593788
-0,14739528
-0,065630466
0,6067154
0,24595974
-0,033172302
-0,25484452
-0,18278235
-0,23207039
-0,4207388
0,14158121
-0,3406779
0,1315998
0,17977001
0,31896207
-0,25918093
0,36163703
0,31858966
-0,7771061
-0,15277901
0,029333252
-0,414492
-0,700697
-0,24850984
0,07473879
0,09599984
0,28506288
-0,06447289
0,18842776
0,07618125
0,12976067
-0,08671176
-0,17541748
-0,34468675
0,013255132
0,12716459
-0,09747975
0,18996172
-0,2875818
-0,4241838
-0,35178888
0,01145691
-0,117526956
0,35426688
0,3280285
-0,13526459
-0,38696274
-0,16695835
0,21456566
-0,09802901
-0,10475855
-0,27322343
0,24246222
0,12547837
0,2806466
0,2961838
-0,27238473
0,19781886
-0,056187376
-0,05627139
0,36797792
-0,02912438
-0,020579128
-0,2495699
-0,13451652
0,1532825
-0,035468653
-0,21624434
0,039333515
0,029186519
-0,060907863
0,1762109
-0,11476878
0,18788873
-0,010003076
-0,45098308
0,23600467
-0,06118509
0,51566285
0,07019913
-0,13956717
-0,3529403
-0,121129714
0,29768664
-0,286744
-0,27952865
0,0033442262
-0,017661337
-0,04845134
-0,4434133
0,055784542
0,23089674
-0,5683293
-0,4158983
0,41631213
-0,34599924
0,24453391
-0,4988648
-0,24061805
0,37266985
0,3239568
-0,04480735
0,017871642
-0,1805275
-0,0045253336
0,03764902
-0,18803446
-0,057809755
-0,086946994
0,13866924
-0,37910372
-0,36328894
-0,13447745
-0,39374745
-0,31300572
0,06390578
0,34999347
0,4705747
-0,30006447
-0,025454525
0,11264068
-0,4193797
0,20819297
0,084598415
-0,44905618
-0,67771107
0,048144884
-0,43358457
0,13398622
-0,26244542
-0,32272187
-0,1051258
-0,16363639
-0,02617527
-0,07254529
-0,054033093
-0,015783321
0,60111064
-0,6175701
0,02073439
-0,3894795
0,56783205
-0,20543708
0,17484978
-0,5384278
-0,083585426
-0,40217716
-0,47487926
-0,3957612
-0,24321112
-0,40924183
0,03983344
-0,52447575
0,33258492
0,5439009
0,08446514
0,20123026
0,28982574
-0,12739976
0,18511061
0,28199893
0,2651167
-0,34617102
0,23074377
-0,6787621
-0,46817866
0,23638776
-0,1485533
-0,17207418
-0,24700433
0,2602919
0,59501594
-0,15559538
-0,2644227
0,108431086
0,46698818
0,32063115
-0,1523549
-0,05262355
-0,009377169
0,1767222
0,17247216
-0,19909944
-0,121367596
-0,25320143
0,20800962
0,09018421
0,23632222
-0,32637635
0,09853272
0,28781828
0,03955791
0,076278344
0,032942194
0,07090799
-0,05280731
0,23141943
0,14076713
0,15549873
-0,061914247
-0,006488697
0,35658184
0,1918796
-0,33312032
-0,5271723
-0,4548633
-0,42493612
0,11221562
-0,09321715
0,17604877
-0,24753776
0,109409906
4,6431778E-05
0,06895768
0,029491525
-0,5047112
0,1656369
0,040791884
-0,24781157
-0,0019941633
0,0097817145
0,01693015
-0,11382565
0,27964464
0,039148863
-0,20912446
-0,05546475
-0,31151152
0,027414566
-0,259021
0,036114667
-0,3608011
-0,43079033
-0,40944642
-0,18671037
0,1796521
-0,10521009
0,037718438
-0,38258424
0,09937557
-0,106887326
-0,42193097
0,096102685
-0,5085226
-0,54976356
-0,45632473
0,12502472
0,34575567
-0,7471636
-0,43434197
-0,048275284
-0,38767952
-0,21543068
-0,4144629
0,34469235
0,048487585
0,085121885
0,23794825
-0,081998214
-0,38802922
-0,21020494
0,03687218
-0,22522369
-0,301594
-0,17829314
0,26605564
0,060092032
0,15611261
0,043532662
-0,44652912
0,28144595
0,22617339
-0,11252979
-0,19277315
-0,56704646
0,11911112
-0,08058769
-0,44604293
-0,20027146
0,21565738
-0,0567543
-0,14995946
-0,2947986
-0,5301537
-0,23516464
-0,6256409
0,021229103
-0,37884155
-0,18904273
0,04089275
-0,61042017
-0,010919876
0,18967932
-0,32270557
0,31192988
0,054777488
0,008707519
-0,10255384
-0,18815817
-0,11677785
-0,40043226
-0,0066918056
0,03374119
0,21308155
-0,004791581
-0,044610742
0,36000225
-0,1151078
-0,33758193
-0,034849897
0,38720405
-0,076995134
-0,18398994
0,10084368
-0,20534205
0,31067005
-0,100608855
-0,16458364
0,0053851376
-0,07362925
-0,44455427
-0,39009202
0,045315556
0,15589216
-0,38987362
0,12733015
0,052862562
-0,0054685823
-0,19370158
-0,15119332
-0,1617426
0,19856426
0,23717614
0,25091037
-0,023383189
0,5403962
-0,45839295
-0,2633231
0,17281808
-0,22454695
0,03887561
-0,13117659
0,107198
0,21817575
0,10112899
-0,08605294
0,44402233
-0,096780695
-0,03998006
0,05704947
-0,24855912
-0,36178786
0,3084305
0,39577034
-0,11194209
0,26920828
-0,35281968
-0,2377418
0,1531312
-0,24183035
0,14109518
-0,3722756
0,24908376
0,1456432
-0,19879048
0,20138265
-0,38774917
-0,1319123
-0,31378093
0,008789079
-0,041022148
-0,19839454
-0,00025126903
-0,0017774148
-0,5203027
0,36583257
-0,3024265
-0,08503993
0,048252616
0,10622762
0,45750758
-0,18726563
-0,12414895
0,14749588
0,18384919
0,32307854
-0,09965481
0,09494545
-0,1047315
0,22386122
0,057415698
0,118666485
0,13455068
-0,07266608
-0,39331856
0,042972904
0,14904681
-0,4057109
0,12661321
-0,37805378
-0,149603
-0,179119
0,15327668
0,34958243
0,32734996
0,004938638
-0,4898576
-0,31975925
0,19885309
0,42619795
0,32411355
-0,3489767
0,048993725
-0,07411866
-0,11427899
0,3452044
-0,3739737
-0,35828292
0,31689084
-0,16523571
0,119392335
-0,23663121
-0,5479641
-0,07018863
0,64175224
-0,5107001
-0,09279186
-0,20015593
-0,18610425
-0,13394406
-0,50753933
-0,39256126
-0,2618317
0,22458582
0,21698084
-0,21785963
-0,1960179
-0,2948395
0,048209284
-0,28912026
-0,037302792
0,15578777
0,3088123
-0,044987433
0,42511886
0,15467608
-0,0054441793
-0,30580607
-0,33482742
-0,21818183
-0,117766984
-0,27619532
-0,29135063
-0,104321174
-0,1624269
0,020134715
-0,20269062
0,44295663
0,27110368
0,06980885
0,14968319
0,13095835
0,58645993
-0,31965107
0,43952546
0,18336289
-0,055570103
-0,27759677
-0,26395753
0,15394424
-0,12350825
0,24227741
-0,19676931
-0,10077123
-0,399967
0,06410705
0,0057349917
-0,17714252
-0,046470206
-0,19155747
0,013345053
0,27173454
-0,18300731
-0,47648942
-0,09966665
0,4913161
0,24042583
-0,018453628
-0,04264029
0,14721526
-0,12661777
-0,020391366
0,18670924
-0,26179412
-0,07936136
0,5023059
0,3409566
-0,26754436
-0,0030916277
-0,5245279
-0,18034051
0,18800174
-0,6002647
-0,31309888
0,41831738
0,24795485
0,2503786
0,2379931
0,22694677
-0,22643225
-0,055435576
-0,06821204
-0,100855395
0,03175913
-0,4146736
-0,003238444
-0,1115947
-0,021013588
-0,2336357
-0,5691974
0,0797219
0,017607741
0,39283213
-0,06319186
0,4167498
0,16887064
0,21125455
-0,3094647
-0,26415998
-0,06342994
-0,35137844
-0,26493263
0,14207508
-0,1376988
-0,054477036
0,22684388
0,12129487
0,036131423
-0,24912862
-0,32829532
-0,07622269
-0,04474095
0,15338507
-0,59485704
-0,5444991
-0,12747784
-0,54225147
-0,0100078285
0,30927682
-0,4429667
-0,4239725
-0,2371994
-0,49618536
0,062411986
-0,41527438
-0,24664725
0,055470224
0,002064873
-0,43243936
-0,46583244
0,2372435
0,016699322
-0,071640275
-0,45547757
-0,06851198
0,01699997
0,49959216
-0,1190028
-0,24756992
-0,13130541
0,23601416
0,42150894
0,34850776
0,02217854
-0,49342197
-0,21526279
-0,17128457
0,15029149
-0,4413412
-0,58497244
-0,010599374
0,26533306
0,114468426
-0,035394683
0,06964645
0,21925472
-0,23367454
-0,030527033
-0,11722266
0,31548816
0,22296607
-0,41969487
-0,070082925
0,61701214
0,07446378
-0,2962214
-0,3760786
0,155446
0,11919911
-0,5037948
-0,24484132
0,156126
0,4958738
0,0051880353
0,1111892
-0,14588042
0,11240457
0,02371894
-0,12825109
0,13330641
0,0714448
-0,17951213
-0,19895814
0,3115917
0,32596564
0,033736333
-0,6105714
-0,36755055
0,06598181
0,08726796
-0,25046754
0,53727996
-0,21467876
-0,4330191
0,17226517
0,1890847
0,0621308
0,33639303
-0,1716764
-0,1562521
-0,099512696
0,06976584
0,37997136
0,019074582
-0,15167674
0,28747416
0,33696073
-0,09327439
0,047348943
-0,17695197
-0,007191024
-0,40367523
0,029079989
0,3544357
-0,036741566
0,023797564
-0,4291081
-0,19497474
-0,36119345
0,029028313
-0,1921411
-0,3707391
0,099594355
-0,022616498
-0,16982794
-0,09959106
-0,23394619
0,4338578
-0,04381295
-0,59962404
-0,031557847
0,07309769
0,25154254
-0,08316877
-0,18881474
0,0815702
-0,6310398
-0,16728352
-0,093294606
-0,015602292
-0,3434044
-0,28658593
-0,40591744
0,15182553
0,26946306
-0,40795523
-0,81773853
-0,033631865
-0,30131087
0,008623772
-0,14376251
-0,0103846
0,3417631
-0,4079036
-0,13291441
0,5628573
0,2164104
0,14929657
-0,1173464
-0,07345847
0,30735862
-0,18107012
0,15602902
0,5297251
-0,06498949
-0,23498228
-0,48608887
0,04123139
-0,13865381
0,28840354
0,03947887
0,31398916
-0,09905724
-0,31011444
0,29789636
-0,42037007
-0,07497857
-0,13044868
-0,25744614
-0,56464976
-0,46504745
0,26652282
0,24675204
0,025076725
-0,19887842
-0,12334729
-0,21133088
-0,00933093
-0,03737656
-0,4571615
0,19818929
0,21642956
-0,21353951
-0,08363823
-0,040637255
0,37113804
0,03744019
-0,5742395
0,10880826
-0,018674131
0,47950268
-0,032159507
0,31955156
0,19420962
-0,1431847
0,20806801
-0,36493653
-0,22780254
-0,5938288
-0,5492217
-0,4250955
-0,24336885
-0,4065074
0,122803666
0,16479495
0,27518994
-0,035180405
0,323176
-0,22810806
-0,09419772
-0,32475555
-0,1645767
-0,3450223
-0,014623081
-0,41095874
-0,17168868
-0,43334267
0,44296294
-0,061869368
-0,886989
-0,2990478
0,2650869
0,5801033
0,2128382
-0,16425845
-0,576174
0,2615495
-0,042438537
-0,31528583
-0,06126277
0,098940045
0,19751239
0,17261739
0,07531553
-0,14468616
0,20953025
0,23779061
-0,11983706
-0,035996486
0,05402371
-0,1422176
0,120593496
0,2963964
-0,20226023
-0,22038262
-0,010696515
0,03137322
-0,36153126
0,040370736
0,13760413
0,4470944
-0,4612984
-0,5527796
0,22721404
0,3575095
-0,37862226
-0,31765464
0,019085871
0,0059240786
-0,23814818
0,12992029
-0,04071545
0,08428817
-0,010224072
0,116568096
-0,36456153
0,1394904
0,43738577
-0,19438519
-0,54558855
0,19489895
-0,33837804
-0,16949597
0,07379908
0,041111566
0,054254442
0,2516096
0,01112586
-0,1823373
0,04250005
-0,065718204
-0,12231741
-0,6764508
-0,028544033
-0,07921719
0,38467076
0,4712795
0,2694597
-0,050664198
0,035930965
0,023704475
-0,14955056
0,09140633
-0,20703237
-0,58085895
0,24580406
-0,12778391
-0,12695599
0,054861303
-0,3065712
0,009307032
0,11231508
-0,6998023
-0,16540952
-0,23972872
-0,2146629
0,2451275
-0,5138227
-0,21410832
-0,050804272
-0,30812073
-0,055460837
0,099477455
0,06602567
0,17850332
0,44760454
0,079369284
-0,29418036
-0,27343947
-0,4890958
-0,4344171
-0,8090365
0,008661368
0,073576584
-0,77309704
-0,34110108
-0,31963202
0,06023649
-0,07594614
0,19894934
0,33893007
-0,2864403
-0,5323808
-0,2868109
0,018841881
-0,09552805
-0,31652477
0,4601508
-0,50060916
0,0036668736
0,14964032
0,094405726
-0,2499828
-0,30194604
-0,03201225
0,112964675
0,1059042
0,4326313
0,122976676
-0,055697702
0,06639447
0,42554528
0,16745277
0,08777903
-0,86040366
0,11853013
-0,060784735
-0,17384702
0,02891821
0,36788216
-0,18956167
-0,099055424
0,012170756
0,09613439
0,1645815
0,19589315
-0,04781883
0,010804156
0,31467044
0,063270934
0,3848607
-0,031939495
0,40031555
0,28098527
-0,59046596
-0,12049424
0,28810462
0,51423144
0,43610194
0,03619184
-0,23512512
0,03242301
0,28555602
0,0785391
-0,4274665
-0,41087386
0,25996375
-0,14634837
-0,40777817
-0,10330586
-0,48101145
0,39128605
-0,4945362
-0,12811527
0,040041603
-0,3158134
-0,0549276
-0,048893236
-0,67261916
-0,46450788
-0,37879384
-0,5750963
0,09348587
-0,19489582
-0,36000168
0,10406013
0,22761114
0,15531528
0,23088294
0,23887579
0,61620104
-0,30090243
-0,30585006
-0,19202572
0,5306327
-0,18957467
-0,23513849
0,4508613
-0,2805672
-0,3249384
0,43866724
-0,350794
-0,43415233
-0,4426709
-0,5752202
-0,09294484
-0,13357766
0,24941613
-0,42429608
-0,012325901
-0,11685801
-0,20723234
-0,23093997
-0,5571236
-0,14450726
-0,24028538
0,25568092
0,13238569
-0,32627782
-0,13006322
-0,025950342
-0,012601934
-0,13527833
-0,039777394
-0,07460332
0,037319284
0,0017759667
0,21423498
0,17614233
-0,16477084
0,557177
-0,06824264
-0,13950336
0,41606775
-0,09765493
-0,08979055
0,34161073
0,14629655
0,35733214
0,106520265
-0,113071084
-0,01857171
0,08007103
-0,56635296
-0,5539088
-0,4046466
0,20388763
0,068234265
-0,20448664
-0,102313675
-0,2784674
0,30858982
-0,034605388
-0,15395725
0,36005187
-0,04627549
0,019190926
-0,06824373
-0,26871693
0,5379404
0,07722376
0,5281547
-0,06637047
0,1757841
-0,49748784
0,21922
0,38420153
0,09134497
-0,19659378
-0,20207892
-0,721707
-0,1672667
-0,3767753
0,24255353
0,15850866
0,20754722
0,29991657
-0,20594025
-0,08706542
0,005918885
0,2156876
-0,1942977
-0,25873375
0,073583364
-0,6900104
-0,79623574
-0,03617803
-0,14060274
-0,8387991
-0,4757219
-0,20106217
-0,068132974
-0,46325764
-0,22065483
-0,113738924
0,10179948
0,21157742
0,2499965
0,3298452
-0,1492091
-0,42348936
-0,45476344
-0,37235346
0,04275883
-0,03610894
0,04627147
-0,13064973
0,083547935
0,16090487
-0,40580547
-0,1490683
-0,028744437
-0,32682747
-0,29997456
-0,3782091
-0,31486252
-0,4017725
-0,07039221
0,16603476
0,23206279
-0,44411966
-0,081855066
0,020744128
-0,55147356
-0,6276262
-0,14706586
-0,51776385
0,019399086
-0,0042419406
-0,06656888
-0,027693307
-0,47569278
0,11979779
-0,05166925
0,3306916
0,25762418
-0,20351082
-0,51319236
0,033931475
0,017849265
0,1959687
0,45771366
0,36926576
0,25886062
0,45698574
0,345194
0,82022303
0,04221274
-0,059354186
0,15297543
0,3228824
-0,03980756
0,14948559
0,15063314
-0,19286166
0,39930624
0,017753068
-0,43204942
0,34442616
0,113866344
-0,14749418
0,18254714
0,09543746
0,20573618
-0,16956638
-0,06746774
-0,58389693
-0,021078957
-0,4009591
-0,069717176
0,48337832
-0,028144255
-0,06342732
0,11571632
-0,2264037
-0,12193126
-0,31158438
0,00053037214
0,25447673
-0,039423835
0,18133464
0,007058508
0,07980279
0,07321855
0,31001207
-0,39822882
-0,06752707
-0,22564638
-0,18314987
0,017206842
-0,36686984
-0,24877411
0,078579456
-0,19358008
0,121618174
0,0011301639
-0,1905319
-0,20164122
-0,1037385
0,033944614
0,02012766
-0,14493828
-0,25129297
-0,34140489
0,15271804
0,51893485
-0,17590246
-0,46084273
0,1800953
-0,22400536
-0,31612292
0,13827595
-0,090576746
-0,22362
0,00582985
0,43652835
-0,2583497
-0,1492324
-0,29281563
-0,2216681
-0,14048134
0,022962773
0,01237212
0,032559678
-0,03025442
-0,103038654
-0,21783727
-0,27891377
0,099676415
0,17550208
0,042857688
0,22526102
-0,277076
0,2026224
-0,058714967
-0,07277545
0,35720658
0,11837901
-0,32241493
0,23898534
0,099685
-0,37771672
0,24849874
0,13504164
-0,08474403
0,26955187
-0,18980941
-0,2766307
-0,15794489
-0,18467148
-0,01262482
-0,07042571
0,29973543
-0,03713665
-0,29195884
-0,42596737
-0,41885403
-0,021303512
0,32394186
-0,06829917
0,16296391
-0,46442267
-0,26825315
-0,40378514
0,1929807
-0,0466593
-0,0703313
-0,005633936
-0,33421582
-0,030337706
-0,39832318
-0,21607922
0,059215833
0,026686989
-0,04722455
-0,37496725
0,07158263
-0,13056178
-0,19286261
0,25746292
0,19258134
-0,28452796
-0,20130353
0,044904847
0,5284211
0,1430322
0,49983066
-0,25745872
0,036531188
-0,21307065
0,019035226
-0,29499233
0,032286607
0,20923413
-0,2634752
0,55183214
0,15415752
-0,053892195
-0,14038506
-0,12134461
-0,1107569
-0,18468828
-0,30589664
-0,0038619472
-0,29075167
-0,190796
-0,33303073
0,008449589
0,032041196
-0,26951846
0,37500462
0,025225297
-0,2002304
-0,37292036
-0,04421579
0,0647325
0,34031463
0,29141656
-0,7038732
-0,05657191
0,16318056
-0,1728354
-0,38789925
-0,22361505
0,13414982
0,37329045
-0,007408589
0,18922718
0,20063081
0,35546532
-0,21090373
-0,58483684
0,40595216
0,0721277
-0,06243353
-0,6217538
0,19206032
0,06349628
-0,00045339065
0,08586396
0,17078072
-0,14153926
-0,17540407
-0,2881939
-0,15988497
0,17144088
-0,19546221
-0,35398668
0,08859833
-0,11099028
0,2151078
0,040389914
0,11584676
0,039178975
-0,354722
0,05363527
0,069945574
0,23067428
-0,0025802054
0,07104981
0,09545383
0,07935213
-0,31975594
0,2545511
0,74464166
-0,09863483
0,46911272
0,24804959
-0,004771367
-0,47329476
0,3894412
-0,16254197
-0,39779085
0,2217773
0,27625692
-0,27561784
0,14392257
0,4887213
0,10632636
-0,38610813
-0,17340533
-0,6313933
0,18389095
-0,11031239
0,001904812
-0,19016425
-0,54683644
-0,37652937
-0,05070629
-0,7358359
-0,1929952
0,03674727
-0,41420382
-0,06712684
0,0933194
-0,5211886
-0,42408744
-0,13705865
-0,33681682
-0,056844834
0,20711242
-0,08701921
0,059682854
-0,34666497
0,2705224
-0,044997778
0,51958966
-0,43455634
0,2597042
0,12258859
-0,1362771
0,61632293
0,37698126
0,022206476
-0,25057948
0,18137364
0,28278515
-0,028680788
-0,6381781
-0,47553855
0,29746598
0,014963098
-0,07007523
-0,1898585
-0,029982224
0,022144703
-0,21511176
0,100330964
0,21411563
0,27105147
0,35290658
-0,32635158
-0,3659974
0,3654257
0,1579394
-0,34958413
-0,4241603
0,011265965
0,1163983
-0,5802168
-0,17428754
-0,1505684
0,20987928
-0,07179617
-0,016653579
-0,16768429
0,18369289
0,13501799
-0,42235324
0,10216046
0,05606759
0,17024133
0,009765428
-0,22817123
0,4193948
-0,05712286
-0,40979168
0,14860785
0,2249289
0,0006280059
-0,61405224
-0,19875836
0,019257613
-0,042308696
0,21481653
-0,1048165
-0,11823352
-0,11969922
-0,25321034
-0,5877965
0,015861304
0,091491304
-0,12897865
-0,1028439
0,28103292
0,020181622
-0,49600902
-0,39027718
-0,89349616
-0,6914486
-0,20838237
0,18383381
-0,17078538
-0,6208188
0,2212584
-0,35452816
0,47740376
-0,41860694
-0,44117904
-0,044850763
-0,5417675
0,20852315
0,05304788
-0,36873996
-0,6903074
-0,25429225
-0,46991536
0,5001621
0,4584972
-0,761507
0,22414292
0,1253035
-0,0070526917
0,06838353
-0,3726822
0,13992107
-0,43940392
0,112555124
-0,5378422
-0,36682725
-0,19865154
-0,20269683
-0,2709367
0,3309672
0,023636106
-0,32159713
-0,014742074
-0,43372393
-0,5452557
0,025145574
-0,36612198
0,08273657
0,5167425
0,045888416
0,43114886
0,64768654
-0,00990991
0,37847763
0,0350527
0,122959025
0,6510693
0,041973505
0,3118784
0,4716861
0,04392386
0,21000028
0,015401311
0,15123692
0,03310965
-0,5703136
0,016241938
-0,47204104
-0,22954158
0,15592165
0,14400776
-0,028189471
-0,38730258
-0,20859703
-0,35990167
-0,0063534616
-0,20631531
0,21649069
-0,19030519
0,18315795
-0,3186419
-0,15923277
-0,05233541
-0,07080222
0,15394613
-0,27558622
-0,18174641
-0,19257785
-0,0811229
-0,36574548
-0,011569879
0,120654635
0,11139524
0,14879383
0,17644101
-0,22801954
0,053762756
-0,14806184
-0,14448106
0,12846684
-0,44257942
-0,24020508
-0,08544762
-0,4588604
0,23733966
-0,17982057
0,20298178
0,21568975
-0,29057196
0,25155848
0,14031358
0,072125144
0,1452556
0,179973
0,1058676
0,109101675
-0,17785296
-0,4152505
0,19658414
-0,037738487
0,073272884
-0,14880657
0,15651767
-0,3330631
-0,048091132
-0,24911089
-0,094840616
-0,027220514
-0,1789006
-0,14156742
-0,036786992
0,1076695
0,16891927
0,096585035
0,1764329
0,04142162
-0,14198714
-0,022981936
-0,36159167
-0,43429857
-0,05688606
-0,25387856
-0,23096222
-0,42310062
-0,21416974
0,084779836
0,33387357
-0,5059925
0,059489124
-0,19305812
-0,25280622
0,026678605
0,04301448
0,17241672
-0,44364712
0,15473807
0,34452862
-0,5499174
0,070347026
-0,026078288
0,24101685
0,36669043
-0,16229601
0,28834063
-0,13532054
0,13475214
-0,2010705
-0,32500845
0,20511551
0,25620395
-0,31361797
-0,15985921
-0,1140636
0,122031115
-0,22239907
-0,19163612
-0,036752354
-0,43404177
-0,19135384
-0,17276743
-0,15032284
-0,2993481
0,06913259
-0,45451665
-0,27906913
0,5157049
0,12056515
-0,0012520651
-0,039017517
-0,19860299
-0,26063436
-0,25355533
0,39366436
-0,19808243
0,18980022
0,06509175
0,38195127
-0,07483792
-0,23070747
0,009687754
-0,015171152
0,08957136
0,029422157
-0,084311076
0,46677566
0,44350705
0,14627133
-0,47286293
-0,29718685
-0,16361283
-0,4267865
-0,29075575
-0,13955246
-0,28306994
-0,21373118
-0,32016003
-0,53617245
-0,38064653
-0,45866948
-0,25118753
-0,5639399
-0,38080314
0,11352516
-0,56893533
-0,24147034
0,13948484
0,030856501
-0,38289526
0,15195926
-0,064784735
-0,19859233
0,18318774
0,5181209
0,25111052
-0,23270047
0,41729608
0,4234283
-0,07281856
-0,3024855
-0,25554943
0,32444748
0,055126246
-0,3634689
-0,13005121
-0,16638686
0,048161373
0,28478816
-0,25572395
-0,21132508
-0,139969
-0,3642264
0,012351756
-0,53816676
0,1866153
-0,15866253
-0,11404526
0,3688724
-0,068082415
-0,31682804
-0,42539796
-0,4401188
0,2455647
-0,34174025
-0,3370889
0,38809228
0,06616783
0,15168723
-0,17934012
0,017709801
-0,1451183
0,013893737
-0,15488383
0,5799012
0,07512977
0,10301806
0,04925381
-0,16748118
-0,032888867
-0,2899062
-0,4474425
-0,55799484
-0,025678838
0,2715336
-0,220604
0,22067507
0,3699185
-0,003527533
-0,2516653
-0,29529
0,048595183
0,11675991
0,018569924
-0,16273856
-0,26843983
-0,2489892
-0,42328453
-0,5501943
0,27157286
-0,4784358
-0,36575562
-0,6656831
-0,3804071
-0,10003155
-0,07669466
-0,26134115
-0,33817127
-0,42580986
-0,07130873
0,05939162
0,02996004
-0,3041341
-0,20991848
0,25244844
-0,21267857
0,25011536
0,24073535
0,25816882
-0,4817476
-0,2572345
-0,20338607
-0,08587976
-0,094412565
-0,4793381
0,31937397
0,22790635
-0,4507997
0,28799295
-0,2694613
-0,024531655
0,3346466
-0,24747972
-0,53625846
-0,40121007
0,14827585
-0,64133745
-0,113649555
0,36825413
0,46669284
-0,25075984
-0,17426439
-0,22165535
0,08285748
-0,17228423
-0,1527032
-0,05194391
0,11076098
-0,3496828
-0,30141246
0,118288815
-0,17836599
-0,48108318
0,13482702
0,11104645
0,2960062
0,12885487
0,106119744
-0,016815372
0,076564185
-0,25781122
0,28662947
-0,20216289
0,24437194
-0,023917325
-0,019862005
0,23226388
-0,26297256
-0,4614127
0,05969891
-0,17877817
-0,36450633
-0,78324
-0,10015622
-0,3931222
-0,020598548
0,060480352
0,048985906
-0,19397217
0,026250767
-0,28724673
-0,4846443
0,13754414
0,17283934
0,15064351
-0,46744293
-0,5634481
0,28835738
-0,38886145
0,3644572
-0,30938002
-0,23193167
-0,31859532
-0,36267328
0,46471578
-0,34107244
-0,2714141
0,14126685
-0,37723377
-0,355909
-0,14710937
-0,18889916
0,047062524
-0,05522394
0,36329314
-0,30511615
-0,052697305
-0,34797996
0,109584086
-0,3146489
-0,26415986
-0,1549819
-0,7143192
-0,17861411
-0,44565874
-0,49024636
-0,29113945
-0,34737813
0,31738624
-0,091764405
-0,09796349
-0,54265386
-0,5022939
-0,07353538
-0,16742684
0,24761754
0,24119803
0,25638562
-0,27481052
-0,2658338
-0,06760387
0,042983275
0,16352771
-0,10294781
0,33492333
-0,46622238
-0,01741206
-0,29193717
0,14987117
0,08173519
0,09746052
-0,06500686
-0,36911884
0,14958163
-0,2659739
-0,2276416
-0,31823936
0,09438408
-0,07404672
0,27641445
-0,066020265
-0,041107662
-0,09651002
-0,24674922
-0,20550367
-0,20081072
-0,20070758
-0,5060672
-0,06776828
-0,4031924
-0,07297565
-0,13566367
0,31487808
-0,10704924
0,10378481
-0,36928532
-0,49259725
-0,05671501
0,6085617
0,030382715
0,07714974
-0,20590727
0,39008883
-0,41400963
0,37410802
-0,13818014
0,109205864
0,10038431
0,013435967
-0,16418299
-0,005747002
-0,32574418
-0,19521654
-0,09563195
-0,24057597
0,3037179
0,5095152
-0,2791111
0,27461523
-0,21364367
0,2731932
0,25254396
-0,15082276
0,32297707
-0,41196233
-0,043471903
-0,2575064
0,08262711
-0,036347844
-0,3962869
0,031138334
0,03149244
0,023534521
-0,052736767
-0,16967358
-0,75622445
-0,3336649
0,76533175
-0,21695241
0,037894387
-0,35133484
0,07926882
0,40633556
-0,1769306
0,054069493
-0,32111043
-0,26371753
-0,0990237
-0,2549933
0,19212818
0,0012095225
-0,09976243
-0,116110004
0,12923315
0,07438454
0,28498378
0,3048738
-0,047630213
-0,05954935
-0,44226062
-0,3148195
0,14654015
-0,11451715
-0,43995598
0,1829335
-0,9462724
0,014742377
0,08575511
-0,88392556
0,06354212
-0,23105107
-0,59334207
-0,7571957
0,32515466
0,07665164
-0,34976098
-0,24471752
-0,25186607
-0,10830501
-0,04037492
-0,00985059
0,10899234
0,21993126
-0,34998947
0,2932965
-0,15987736
-0,13728131
0,29471114
0,17096476
-0,18993117
-0,35259786
0,03689943
-0,35682127
0,08123117
0,26651853
-0,012706577
-0,07302398
0,15032856
-0,057062313
-0,27929392
0,0015113866
-0,41480026
-0,4657501
-0,13772687
-0,44950116
-0,066675775
-0,49660477
-0,035269767
-0,21755376
-0,2952264
-0,32427487
0,09108644
0,24711542
0,1747436
0,14718807
-0,070966996
-0,25147638
-0,11381769
-0,09203974
-0,25109607
-0,47740626
0,04335403
-0,18577003
0,18866003
0,24198918
0,19897315
0,29582107
-0,38098446
-0,3954536
0,17956433
-0,029507518
0,25434393
-0,17738655
0,2972817
0,016299358
-0,5600139
0,06208926
-0,020915601
-0,36659566
-0,16275506
-0,19123536
-0,13351026
0,22845292
-0,12376463
-0,22005342
-0,2996546
0,20349099
-0,1534312
0,11032122
-0,1675665
0,0037805783
0,07692
-0,18515404
-0,2930564
0,049534015
0,19424139
0,25177726
-0,08843062
0,24549863
-0,44204023
-0,079548545
0,20211692
0,37060192
-0,32300064
-0,051142987
-0,43263635
-0,5494413
0,06343747
0,18403792
0,020394944
0,20077707
-0,09861086
0,40105167
-0,45227286
-0,3420002
0,17375158
0,24013358
0,102187134
-0,0837997
-0,25031826
-0,43371436
-0,23369111
-0,05974028
0,08035605
-0,17602679
-0,22770612
0,1413897
-0,16692966
-0,360932
-0,0033458706
-0,24564615
-0,4166728
-0,2165307
-0,42423493
0,2921096
-0,06646861
-0,073026694
0,112102464
0,051439997
-0,28160298
-0,34447643
0,07821673
0,07427475
-0,08091313
0,06301725
-0,35924503
0,0107830865
-0,2517025
-0,36220974
-0,06562616
0,1897456
-0,64061207
-0,5155703
-0,2534653
-0,282716
-0,23366229
-0,011032735
-0,17791738
0,044253368
0,10071486
-0,43485075
-0,2691629
0,24069478
-0,07172689
0,0467364
-0,055878162
0,05835766
-0,009740809
-0,3249117
-0,3292799
-0,41350797
-0,33311948
-0,26171613
0,07267003
-0,09368739
-0,34509677
0,37829554
-0,35671026
0,53119737
-0,21533467
0,15946427
-0,5061759
0,15741427
-0,1463228
0,09621339
-0,3080809
0,14184408
0,017168134
-0,5349278
0,1099248
0,3756933
-0,10170976
-0,16268381
-0,04167585
0,0629053
0,22351614
0,014316137
-0,21425778
-0,26420358
0,20937498
-0,15180863
0,45901155
-0,1296554
0,14513978
0,09980655
-0,069731936
0,14222477
-0,10757714
0,05432332
0,49119
-0,04915957
-0,2824685
-0,08263184
0,14767796
-0,18290687
-0,96044344
-0,7270225
-0,19768879
-0,073267676
-0,19862503
0,27703235
-0,0032087676
0,20072919
-0,0584362
0,18086366
0,016756503
-0,17207296
0,1635806
-0,45704868
-0,1050855
0,17938048
0,15400216
0,078404374
-0,48035926
0,19496638
0,38419527
-0,43154365
-0,20032595
-0,13812639
-0,5222349
-0,20739989
-0,095442936
-0,030596627
-0,18472952
-0,07207434
-0,51695055
-0,36065802
-0,46964094
-0,54078144
-0,051989384
-0,14281502
-0,4717665
-0,75375926
0,11315517
-0,4733962
0,06650974
-0,4707537
-0,05459471
0,09867835
-0,30279267
-0,23752859
0,117607445
-0,33332884
0,07780278
0,0802702
0,15075462
-0,17520523
-0,2667239
0,13791196
-0,2954671
0,19209503
-0,447288
0,099929
-0,23071852
-0,3822083
-0,29982576
-0,37897578
-0,2768958
0,048665967
-0,35474375
-0,2437537
-0,39512694
-0,2215502
-0,43530676
0,17475104
0,21537231
-0,11613737
0,12395432
-0,16126439
-0,24911214
-0,119839735
-0,24581802
0,124545425
-0,14820947
-0,0018844649
-0,09768836
-0,045147575
0,09507476
-0,1893749
0,16317542
-0,27297682
-0,08498753
-0,30671898
0,17394312
0,09443109
-0,13564657
-0,1313989
0,12351544
0,060108464
-0,15868118
-0,36342838
-0,19391806
0,18131565
0,16290735
-0,07097104
-0,33037937
-0,042776488
0,37648478
-0,07905118
-0,26338926
-0,5276719
-0,30796483
-0,19159089
0,13251255
0,07322382
0,09641657
-0,11552038
-0,03372098
0,11956727
0,036123436
0,19463573
-0,08380396
-0,2793654
0,19071972
0,33294812
0,16923214
0,3389495
-0,24015006
0,23782052
-0,26258817
-0,30699933
0,15923561
-0,07270728
-0,33912668
0,0117637105
-0,34695396
-0,07555406
0,30312946
-0,36163732
-0,19813468
0,3527209
-0,2538502
0,43563476
-0,15226842
0,40290242
-0,02685534
-0,15310033
0,09904301
-0,22334859
-0,0481653
-0,1481898
0,08176068
0,19266646
0,17778563
0,2177297
0,2949936
0,285506
0,17281908
-0,18171431
-0,12572232
-0,49406147
-0,14936152
0,34089378
-0,4913814
0,14835432
-0,089649595
-0,15007493
0,038206
0,29412442
-0,14555487
-0,04519166
-0,28639844
-0,024751676
-0,026231257
0,30487135
-0,26207802
0,14373057
-0,42456752
0,2988328
-0,08155174
-0,03768705
-0,65158963
-0,45110592
0,3012424
0,45540905
0,106298946
-0,099437594
0,21799265
-0,16939569
-0,1908363
-0,44010293
-0,13677703
-0,18998723
-0,20210952
-0,10230237
0,15131995
0,019648192
-0,23457761
0,09233178
-0,31991315
0,102456495
-0,556228
0,0651963
-0,033233684
0,18892744
-1,0466039
-0,38050157
0,023141118
-0,079527095
-0,24065895
0,22164644
0,004677026
-0,12046164
-0,26719037
0,04783523
0,517839
-0,44740292
0,48338175
0,26021254
-0,33233097
-0,074321926
-0,4190521
-0,0076215314
0,14621615
-0,17828183
0,27416906
-0,27585652
-0,17499624
-0,15918246
-0,35298938
0,28938186
0,02782003
0,13575037
0,007638521
-0,26187363
-0,22781436
-0,03205436
0,14599195
0,1082809
-0,3076182
-0,3571418
0,13685496
-0,1517584
-0,6637261
-0,56870276
-0,51175904
0,2332561
0,74837947
0,32877576
-0,36896282
0,019632816
-0,02615279
-0,10035932
-0,8159361
-0,27560374
-0,5989059
0,031649873
-0,17521417
-0,07209303
0,2049421
0,26843297
-0,12878796
-0,17783031
0,25472876
-0,17818576
-0,10030879
0,15571536
0,30106294
-0,0925186
-0,23131028
0,006937847
-0,14595057
0,35333765
-0,2345686
0,17056973
0,1918213
-0,26583236
-0,3500139
0,57972825
-0,35539955
-0,3987064
-0,018706229
-0,5335817
-0,41781688
-0,014263443
-1,3756596
-0,28345188
0,2428276
0,2103101
-0,100776896
0,09977319
0,19507949
-0,30883718
0,0072524548
0,45370287
0,006795531
-0,1663971
0,13637577
0,09084515
0,005748733
-0,24189928
-0,33535352
-0,45919588
0,41268843
0,1403868
0,24871159
0,24344383
-0,03041105
-0,37672907
-0,26782572
0,07824733
0,1531811
-0,29124144
-0,2670027
-0,4395596
-0,25501603
-0,23909573
0,17669703
0,5700836
-0,8324387
0,014755546
-0,24283575
0,23621772
-0,23151095
-0,3784286
0,13208242
0,0057355156
0,67479736
-0,16630846
-0,348125
-0,474388
-0,17708728
-0,5869203
-0,59694904
0,68377936
-0,9035006
-0,19558878
-0,16212869
0,062839024
0,16472511
-0,2946353
-0,57882303
-0,13621855
0,36718565
-0,16449906
-0,5419094
-0,3103536
0,32393014
-0,24129637
0,019098312
-0,22902942
0,060096253
-0,09006557
-0,51789975
-0,49477798
0,36817542
-0,1867998
-0,1489871
-0,31290016
0,39989188
-0,2714294
0,4736124
-0,52268654
-0,041327316
-0,18173578
0,09700582
-0,5764318
0,043283693
-0,26448637
0,42706192
-0,15842012
0,3729434
-0,3524296
-0,34081477
0,33810574
0,2538844
0,024683928
-0,10754339
-0,5401616
-0,039352853
-0,15893747
0,065240525
0,045572493
0,35882422
-0,15181935
-0,35875297
-0,19944467
0,15659088
-0,5110247
-0,48321214
0,18473217
0,30619606
-0,41668537
-0,11630535
-0,27195212
-0,15721735
-0,08040384
0,07490827
-0,03421768
-0,17816494
-0,047461648
0,066278346
-0,18860634
0,47252074
-0,27567887
-0,11552556
0,14262475
0,0965872
-0,21672054
-0,29586256
-0,20795415
-0,43152076
-0,33922648
-0,5232845
-0,031560358
-0,05127888
-0,36193833
-0,3781638
0,08074645
-0,16303086
0,1557982
0,17180653
0,021021688
-0,12120139
0,023972118
-0,4714619
-0,39485356
0,118757986
-0,029591147
-0,05982537
0,5816354
-0,52037096
-0,31345114
-0,116084166
-0,04288923
0,10736945
-0,21530588
0,05393831
0,10429044
0,35962367
0,023493093
0,33327177
0,2176872
0,3452088
0,09257354
0,03522566
-0,6596606
-0,22361353
-0,28266245
0,5909529
-0,057356697
0,039654236
-0,37560457
-0,14239937
0,25523207
0,1571588
-0,15529622
-0,044083484
-0,08147787
-0,43697754
0,00886158
-0,4223942
0,25889456
-0,3581208
0,015582004
-0,36182055
0,065310135
-0,14066422
-0,20920756
-0,05095001
-0,13994248
-0,06955263
-0,36530402
0,012669209
-0,1083151
-0,4305229
-0,3453378
-0,02628586
-0,16983931
-0,036790602
0,077699155
-0,47739598
-0,5002937
0,5551746
0,2535035
-0,26054814
0,4821235
-0,013409551
-0,40859953
-0,18380418
-0,20082116
-0,4801718
0,490493
-0,36006632
-0,47320125
0,02044732
-0,40381747
-0,016904894
-0,14301214
-0,18250844
0,28414252
0,5326803
0,13504973
-0,05313563
-0,31587863
0,27025005
0,17407918
0,111366026
-0,33482742
0,023760779
0,5134875
-0,15006211
-0,14989454
-0,036534082
-0,25023
0,07592406
0,14275879
-0,122868344
-0,47145987
-0,38493198
-0,14077319
-0,19444671
0,30840278
-0,35909867
-0,16409495
-0,052101962
-0,2712355
-0,41388863
-0,039124217
-0,19460571
0,27116
0,22880153
-0,3660836
-0,41446698
-0,034411244
-0,4569775
-0,23308009
0,14139338
-0,058935624
0,13034567
-0,44796145
-0,11925987
0,36098132
-0,15020306
0,033576842
0,04771041
-0,086718276
-0,2773477
-0,20407222
-0,38473657
0,020156423
-0,18433139
-0,16147026
-0,07795732
-0,3350812
0,037634816
-0,5804442
-0,20945615
-0,05249672
-0,36983088
-0,040213488
0,14906994
0,017299471
0,10440487
0,23198217
0,14934234
-0,102543846
0,006725425
-0,30341077
-0,15515672
-0,24299063
-0,33948532
-0,10418944
-0,2648656
0,39345276
0,212015
-0,25388962
-0,43422994
0,11671856
0,027094234
0,233976
-0,12949598
0,05445992
-0,021674082
-0,019163031
-0,21080397
-0,06354335
0,25525522
0,14398178
0,30271703
0,28380013
-0,019320205
-0,24905998
-0,14800642
-0,02156181
-0,32137054
-0,024616323
0,06304716
-0,018632058
0,1939138
-0,33357337
0,32282168
-0,13485771
0,09620584
0,052471474
-0,15339777
-0,16239952
-0,18268073
-0,14148544
-0,47663975
-0,26660076
-0,3546147
-0,59812975
-0,16709034
-0,35946548
-0,3036337
0,12895636
-0,3182703
0,29261073
-0,23701306
-0,32390448
-0,068564534
0,21800017
-0,45063302
-0,23655307
0,120773196
0,13066244
0,13674422
0,18488355
-0,02829423
-0,4032143
-0,41538984
-0,2305074
-0,029583836
0,24316716
0,3025593
0,14502637
-0,6131199
0,2039678
-0,27578148
-0,38847908
0,08575854
-0,037271023
0,0906384
0,13642687
0,3552697
-0,02449677
0,09430665
-0,12768956
-0,21894081
-0,22077821
-0,24622537
-0,28977033
0,12217894
0,2837752
-0,16801825
-0,09592219
-0,38096836
0,21422827
0,13591778
-0,12927519
-0,21223736
-0,011589341
-0,28661847
-0,19838262
0,14696114
0,15492408
-0,03717508
0,07635718
0,0113912
-0,46531904
0,046069596
-0,2133727
-0,06550911
-0,025818784
-0,022229826
-0,20165372
0,19756548
-0,17423731
0,0051844353
0,34681237
-0,15261246
0,20382349
-0,4079469
-0,42235062
0,3761644
-0,05350455
-0,4981939
-0,28715888
-0,16818324
-0,16972855
0,15163115
-0,08015122
0,21343052
-0,13195434
-0,08976822
0,20197225
-0,19139864
-0,042202767
0,18844762
-0,26758212
-0,33026043
-0,31574368
0,008515458
0,027321018
-0,06269365
-0,26525688
0,078504615
0,15966514
0,2839404
0,13872765
-0,14399058
0,094322875
-0,3947476
-0,2210591
-0,13470937
0,2267805
-0,10406741
0,13341537
-0,03738306
0,08024467
-0,13795003
-0,057247326
0,011917387
-0,15195836
-0,21979119
-0,30674165
-0,102732964
0,26534826
0,24747369
0,06955853
0,14291814
-0,26354876
0,054062676
-0,018542085
0,047443535
-0,2510518
0,24786133
0,12241739
-0,12988748
0,12042738
-0,1701964
-0,34602416
-0,28270212
0,055949748
0,24481158
-0,2788583
-0,17424355
0,08780166
-0,14316075
-0,30472127
-0,34546578
-0,2071798
-0,21351346
-0,33124804
-0,23331827
-0,28897792
-0,06342867
-0,1998096
-0,16954698
0,19325012
-0,04582583
-0,3495526
0,077556886
-0,31013086
-0,521515
-0,31645554
-0,48544177
0,22418274
-0,17808297
-0,25713944
-0,45999387
0,3632716
-0,29209107
-0,12749395
-0,4422015
-0,12314099
-0,231584
0,029535241
-0,39380372
-0,23566695
0,19015515
-0,20241697
-0,2161327
-0,052646317
-0,25809464
0,077146545
-0,3006191
-0,4884217
0,110782295
0,07651492
-0,008605829
-0,1860673
0,07591906
-0,21796615
-0,39894196
-0,17619097
-0,10907843
0,24970038
-0,22387455
0,2962158
-0,26332957
0,21699719
-0,005237789
-0,1393889
-0,42932326
-0,29844975
0,3617634
-0,004178001
-0,33917388
0,07495262
-0,46574855
0,33258852
-0,29831138
-0,14150457
-0,5014101
-0,3999148
0,11573092
-0,21462837
-0,5117704
-0,0031979831
0,16214533
0,03716744
0,1707203
0,10520521
0,0009403146
0,11807053
-0,098850995
-0,06546879
-0,03508966
0,19763637
-0,31468552
-0,17591758
-0,1400019
-0,16340184
-0,62241876
-0,24671628
-0,50007933
-0,620012
0,19127236
-0,21188442
0,018205276
-0,16821872
-0,4595278
0,23580003
0,08182644
-0,013584443
0,028817859
-0,32061628
0,18158509
-0,5886703
-0,05173236
0,18358572
0,31966054
0,09621033
0,24353096
-0,27137268
0,13234235
0,006131406
-0,12791625
0,09103277
0,048047382
-0,049630087
-0,28781125
-0,2263855
-0,034141127
0,3525805
-0,2061088
-0,26011038
-0,2534784
-0,02910323
0,3659239
-0,020297492
-0,36316842
-0,21511371
0,24563208
-0,21628964
-0,13781245
-0,17910147
-0,22360554
-0,74687326
-0,4749477
0,13065493
-0,4921859
-0,13194518
-0,36745185
-0,11641001
-0,27758858
-0,02875505
-0,03631058
0,09393077
-0,4655915
-0,3030008
-0,06935434
-0,41781908
0,27921492
-0,11366837
-0,13096108
0,1746382
-0,38585535
-0,100211
-0,5865011
-0,020082662
0,2219141
0,22246142
-0,1897158
0,27089834
0,076591246
-0,16597205
-0,24646127
-0,4981801
-0,2801072
0,066867344
-0,010536357
-0,17111373
0,008392688
-0,18117666
0,09620882
0,14500795
-0,33821052
-0,25207132
-0,103769995
0,16200651
-0,0060615763
-0,037264578
-0,35816118
-0,019345045
-0,18731773
-0,07437984
-0,23370038
-0,09035495
0,36214802
0,3648377
0,022836983
0,01956595
0,37608662
-0,016005324
0,1448884
0,49342358
-0,49504855
-0,2525823
0,025544165
0,15888482
0,09093832
-0,14490664
-0,44905668
-0,35746175
0,07597327
0,24088061
-0,37667978
0,05067602
-0,004636578
0,28939918
-0,18739937
-0,32413092
0,3081094
-0,18765587
0,2440486
-0,17635338
-0,69277185
-0,054956924
0,04026573
-0,023906194
-0,63483065
-0,26175904
0,1335826
0,27529302
0,018665336
-0,27844158
-0,08922657
-0,030602472
-0,3641241
-0,21859084
0,18115325
-0,2483987
-0,71544605
-0,19029547
-0,37388822
-0,10053868
-0,17227222
-0,34340453
-0,2500803
-0,11621923
-0,31015643
-0,09180987
0,09827849
-0,33944836
0,41244417
-0,081179775
0,3119167
-0,3216709
0,022567209
0,09195754
0,10293031
-0,058296952
0,21442874
0,13455723
-0,34547684
0,49725404
0,20941913
-0,1491831
0,30601045
-0,0937136
-0,44542757
-0,09575274
-0,4311407
-0,23501898
-0,17070006
-0,21153861
-0,02552624
0,141093
0,4068191
0,03476998
-0,47468024
0,24620597
0,24109042
-0,2514595
-0,08793953
0,6594009
0,08183277
-0,118684515
-0,56679887
0,01917221
-0,030651834
0,21587357
-0,15574741
-0,58818537
0,19625393
-0,50594735
0,13689044
-0,032441534
-0,49413192
0,07328368
-0,02303934
-0,19192426
-0,03269224
-0,16149673
-0,12249372
-0,101088256
-0,7175587
0,009361303
0,3037485
-0,15680987
0,14964038
-0,4752367
0,4128927
-0,14232187
0,07619909
0,08226113
0,1393307
-0,14855687
-0,31985027
-0,3288726
-0,4467089
0,049042556
-0,7900869
-0,25095528
-0,403534
0,06489442
0,17380999
-0,42556143
-0,256956
0,028972479
-0,14052077
-0,38155034
-0,65034103
-0,21084271
0,0721392
0,22811866
0,149625
-0,020176444
-0,4001184
0,37963057
0,15901123
-0,07460807
0,52552044
0,26395887
0,123047166
0,77797234
0,14574827
-0,050083436
0,55272895
-0,08678628
-0,36530727
-0,112001695
-0,32693297
0,14038378
0,07084125
0,22027153
0,057380676
0,016934216
0,31037125
0,005576401
-0,15841094
0,18661541
-0,24779506
0,20418715
0,1459859
0,39676082
-0,3494995
-0,17225099
0,08673285
-0,19421768
-0,1770227
-0,22429323
0,1208331
-0,273743
0,20702432
0,0039883745
-0,3718607
-0,12032018
-0,2175037
-0,022053223
-0,23056151
0,18849692
-0,06521062
0,34056208
-0,1291606
0,24245849
0,026819192
-0,031104252
0,25127465
-0,24176678
-0,3969826
-0,28094023
0,27986443
-0,13663952
-0,23531637
0,16868035
-0,20747344
0,29229078
-0,0067740534
-0,5006782
0,17461765
0,21497864
-0,5034744
-0,16591649
-0,3143424
0,4229319
-0,02524428
-0,13279371
0,23681344
0,17895585
0,21487357
-0,3139648
-0,28156623
-0,06929664
0,17493664
0,27380374
0,16114953
-0,074109435
0,078339495
-0,09698683
0,21719135
0,3447885
0,4332612
0,10245991
-0,27101907
0,3793315
0,4041392
0,15469265
0,18392785
-0,20119302
0,028104523
-0,19017689
-0,2732107
0,03520295
0,09453727
-0,21575515
-0,3118868
0,30342838
0,28711757
-0,55934817
-0,37558633
-0,63093245
-0,031160427
-0,24458925
-0,04679939
0,07887711
-0,39411542
0,21053858
-0,10649939
0,16022114
-0,0546212
0,3430598
-0,37641323
-0,22230189
-0,3391672
0,1697866
-0,14722991
0,077083506
-0,44060194
-0,066935286
-0,25413522
0,17509833
0,0018713044
0,20132941
0,11928674
-0,12642488
-0,12698126
-0,0016338276
0,24861881
-0,076194525
-0,10930481
-0,28495342
0,37871626
0,029370869
-0,35622045
0,0054605594
-0,04990867
0,020877521
-0,47803247
0,0770728
-0,027478538
0,058229707
-0,5378821
0,16662376
0,04004552
0,24551187
-0,312949
-0,4730888
-0,22081159
0,32954356
0,23459513
-0,2255528
0,10786164
-0,17919783
-0,1976737
-0,16614221
0,37576798
0,3362782
0,12555797
0,4027305
-0,46665034
-0,028261568
0,96244246
-0,3704934
0,043423727
0,9033735
0,025806101
0,023503752
0,3986494
0,35346213
0,11422365
0,12861691
0,035663057
-0,042828813
0,22987127
-0,25600561
0,35694078
-0,037520826
-0,27731255
0,104018755
-0,058767322
-0,14323694
0,09590593
-0,30254376
-0,08637472
-0,8294077
0,028387735
-0,23647533
-0,12078388
0,42414236
-0,113254786
-0,015685765
-0,12018008
-0,30963477
-0,2658001
-0,16376603
0,1786077
-0,45226753
-0,052399535
0,11405135
-0,32270682
0,09064389
-0,13862438
0,097926475
0,016351625
-0,9531257
0,028525587
-0,5179249
-0,07781458
-0,05301914
-0,3716247
0,1173298
0,576247
0,4302789
-0,18670474
-0,14359908
0,24890903
0,38110748
-0,09926723
-0,18625584
-0,6568529
-0,82842636
0,15696482
-0,031560976
-0,24115336
-0,35484466
-0,28201473
-0,26565254
-0,571325
0,08564581
-0,13726328
-0,008327312
-0,27039528
-0,2863699
-0,045475475
-0,07995093
0,015131529
0,12083599
-0,030924793
-0,103654996
0,024926268
-0,055548154
0,59142303
0,39019927
-0,16996698
0,4651555
0,110668086
0,27488118
0,082085274
0,0037890552
-0,13238913
0,16077337
0,113922685
-0,13140544
-0,2089462
-0,41051897
0,1821902
-0,08651859
0,039577447
-0,38397786
0,28860715
-0,614692
-0,3724551
0,008691012
-0,4587201
-0,29036728
0,12557027
-0,016224869
0,06311047
-0,10640433
-0,19461316
-0,12986867
-0,39092645
-0,20603947
0,05349284
0,18724428
0,07200429
-0,55371577
-0,2731884
-0,24161445
-0,23913175
0,17582414
0,042784046
0,31118253
-0,014569609
-0,38569802
0,102829784
-0,30649948
0,15353173
-0,03920746
-0,11564876
0,038337883
0,55471784
-0,3014328
-0,329515
-0,3441133
-0,016625576
-0,11644697
-0,050548896
-0,01068872
-0,021294242
-0,34142587
-0,28293628
0,0041794064
0,1676161
-0,0063148285
0,16643761
-0,50626934
-0,47577208
0,063717514
-0,0022957732
0,24649897
-0,13266143
-0,15076634
0,16302733
-0,14016917
0,34232223
-0,34115666
-0,43662244
-0,029689109
-0,50699645
-0,08199496
0,4988733
-0,06840918
0,05129588
0,6468466
-0,11652611
0,24365735
0,11130381
0,40272975
-0,27484828
-0,14780702
0,13007283
0,32282013
-0,2807611
-0,6283559
-0,26002982
-0,47562265
-0,23442426
-0,45031023
0,08143928
-0,4536286
-0,34114826
0,17862555
-0,23675041
-0,18236798
-0,25041702
-0,0017131325
0,006970272
-0,23786166
-0,083150975
-0,35578313
-0,3082041
-0,2996419
-0,027497258
-0,21577366
0,28104094
-0,1584711
-0,5064997
0,39824712
0,05521717
0,1242697
-0,28290161
0,11660958
0,12653118
-0,5408331
0,34100503
0,067073
-0,3952813
0,44546533
-0,35276482
0,17245232
0,40088138
-0,13820918
-0,01938747
0,10887708
-0,10535946
0,6934427
0,20150058
-0,6369919
0,1756698
0,208957
0,33253297
0,03712796
-0,15811199
0,11819943
-0,12322973
-0,46724734
0,12602678
0,50084746
-0,28909004
0,14332363
-0,2470984
-0,25084206
-0,42049864
-0,14656527
-0,02263005
-0,06379633
0,20568497
-0,19577304
0,011829782
-0,23615031
0,2330582
0,021226423
-0,33147398
0,60707057
-0,1235247
-0,039125744
-0,14783096
-0,11074156
-0,4236838
0,12943555
0,41531202
0,48088825
-0,46419674
-0,5013691
-0,033908956
-0,05082189
-0,29564288
-0,27435568
0,19824451
-0,19298665
0,3392062
-0,083869904
0,035339367
-0,41313156
0,11568884
0,09895793
0,16307491
-0,0042241216
-0,07622717
0,11931584
0,33362648
0,0824868
-0,33421236
-0,13219397
0,13805753
-0,20431562
-0,029591138
0,0769241
-0,12128456
-0,13259123
-0,042487692
0,38531289
0,3756216
-0,31921718
0,58851403
-0,23141246
-0,19698164
-0,1639122
0,26061413
0,18148418
-0,4138827
-0,108803086
-0,1443719
-0,20594996
-0,043922372
0,05304834
0,13166314
0,06664197
-0,15215275
0,04748049
0,20893438
0,12102892
0,13375539
-0,050166156
-0,45206022
-0,2854035
0,3214565
0,26223123
-0,27724147
-0,27253348
0,4605839
0,09683541
-0,20362432
-0,08457555
0,15565674
-0,07235751
-0,023153778
0,073705025
-0,13697416
-0,0816132
0,025277253
-0,083462745
0,107381895
0,23191147
0,023102347
-0,2836941
0,23739818
-0,2627766
-0,10467209
-0,05088379
0,010310344
0,0669402
-0,5136801
0,13219294
0,021932468
-0,1309307
-0,2486763
-0,18363641
-0,3641289
-0,1703399
-0,10188325
0,39632007
0,21003795
-0,0140000265
0,13786457
-0,2436923
0,31871983
-0,56916404
-0,083506145
-0,00783723
-0,026476022
-0,48362565
-0,307051
0,034497693
-0,17375717
-0,18029207
0,14127193
0,3075916
0,7595259
0,01462376
-0,35581097
0,22949079
0,12902898
0,20756121
0,034796808
-0,035987504
0,40361187
-0,41961563
0,19317825
0,036986303
-0,07404717
-0,4131336
-0,15354708
0,24685964
0,26303998
-0,13017792
-0,085851915
-0,14651132
-0,66883373
-0,22597009
-0,33938828
0,18189621
0,0062778243
0,20572406
-0,4867884
0,052135736
0,22550115
-0,114417404
-0,27154216
-0,32424
-0,12616754
-0,14672603
-0,33608392
-0,18609853
-0,03982176
0,63445765
0,15110722
-0,11686617
-0,44476923
0,2280953
-0,15491249
0,077582344
-0,32265222
0,3288367
0,13230811
-0,4003238
0,25120226
-0,080257736
0,60625035
0,28967652
-0,17501791
-0,024680806
0,05369528
-0,041135203
-0,010771693
-0,51984805
-0,30976188
-0,24342348
0,36255813
0,30877843
0,41217065
0,30921745
0,24288777
-0,24567139
-0,17614754
-0,31836566
0,13758573
0,15162703
0,10561875
-0,3071884
0,5906149
0,10820216
-0,10311698
0,17492914
-0,3650783
-0,022511426
0,32878903
-0,14729817
-0,50907195
-0,3382817
0,23415287
-0,28039244
-0,11746603
-0,18767703
0,5692485
-0,52692
-0,08454982
-0,1968502
-0,21745402
-0,16296282
-0,1888408
-0,012725495
-0,07273619
-0,09212115
0,30735785
0,27164862
0,21212144
0,53371656
0,04495988
-0,5397212
0,0766589
-0,028994849
0,43716
0,19982257
-0,37811688
-0,20846632
-0,08294587
-0,026765363
-0,10250221
0,3543837
0,8249726
0,37044793
-0,01378556
-0,48195982
-0,28014028
-0,014218765
-0,19694708
-0,35513055
0,045834385
-0,120322295
-0,115306966
-0,33285603
-0,4405495
-0,3404465
-0,19591586
-0,28827557
-0,7583372
-0,30587295
-0,13605486
0,03261403
-0,18582214
0,033646554
0,22791387
0,10453267
-0,2388862
-0,45024934
-0,21494186
-0,13119775
-0,09065369
0,15117258
0,5528374
0,25125927
0,037313253
0,15114744
-0,27434075
0,15651987
-0,39035895
-0,14280532
-0,07134341
-0,105950534
0,27325457
0,19650534
0,17851628
-0,25341776
-0,34272772
-0,10099468
0,3649454
-0,08494069
-0,36644265
-0,30432293
0,25527865
0,25536212
0,17752545
0,082897425
0,10298053
0,07923807
0,0577673
-0,23114681
0,024106339
-0,43824464
-0,4462577
-0,17968793
0,55562776
-0,11585949
-0,08539694
0,554473
-0,010182176
-0,33824086
-0,5408635
0,00081753795
-0,23274232
-0,44243473
-0,28121608
-0,23575962
0,0798779
0,25644705
0,35724157
0,39515275
0,1327239
0,037477642
0,1504991
0,1260297
0,057122305
0,09193194
0,12147932
0,28809434
-0,35877782
-0,20878626
-0,020511175
-0,22168413
0,3758704
0,21090944
-0,17228712
-0,32507184
-0,09930133
0,020255564
-0,028687788
-0,08501394
-0,6907038
-0,24757741
0,072693795
-0,013548984
-0,098225266
-0,094772585
-0,3219985
0,23460442
0,18665159
-0,10259188
-0,21228099
0,091758326
0,48337325
0,0655728
0,05404248
-0,13312007
0,084734835
0,070016995
0,082077116
-0,48882523
0,14600787
-0,21893011
-0,2044673
-0,114556134
-0,05664844
-0,021140466
0,20850778
0,12486929
0,35776514
0,47585216
0,30483347
0,17756525
-0,2969378
-0,017717311
0,21675164
-0,12873021
0,28397608
-0,27877
-0,14155747
0,38113576
0,15177178
0,04396667
-0,48571092
0,27787516
-0,021797031
-0,07184892
-0,09274838
0,42588624
-0,2970665
-0,4192687
-0,20481206
0,19485971
-0,56736046
-0,009006146
0,31521088
0,14406413
0,1698866
-0,010716526
0,33630204
0,27866194
0,019222552
-0,13446479
-0,37065524
0,0843313
-0,07297792
-0,17678581
-0,25366735
0,059493773
0,12587708
-0,261128
-0,027370745
-0,15785381
-0,18502755
0,35218963
-0,15269096
0,2832013
-0,13889909
0,014196974
0,20099747
-0,45843592
-0,24692728
-0,41355622
-0,09146423
0,12747303
-0,07735118
-0,3017332
0,19930795
0,12224689
-0,07763606
0,13725509
0,16042928
-0,22222668
-0,10029954
0,37954623
-0,29128432
0,07475548
0,12383036
-0,08439308
-0,022145467
-0,4295743
-0,048780236
0,12090871
0,12782872
-0,3522931
0,24100992
0,16295084
0,22464997
-0,39716622
0,04051342
0,0015219611
0,1756441
-0,30745775
0,2171725
0,41393498
0,0045693815
-0,019020714
0,29975584
0,13644575
0,002440698
-0,02232985
-0,20994335
-0,22371742
-0,32351422
-0,43681788
-0,1729596
-0,18631198
-0,08185186
0,16961415
0,11878347
0,024107916
-0,3460841
0,22960946
-0,48674878
0,12946613
0,2486666
0,08306783
-0,27004212
-0,13804755
0,08010834
0,2847971
-0,2733894
0,21491511
-0,0029920505
-0,13289987
-0,3832597
0,16987664
-0,120220445
-0,17055844
0,20684776
0,13589343
0,030793041
-0,29148704
0,4841703
-0,31720617
0,055222012
0,4626339
0,08815802
0,15163834
0,23130342
0,016613888
-0,0041502803
0,005661588
-0,21829036
0,13513651
0,15564445
0,1886902
0,04096219
-0,31116813
-0,3286035
0,0089992685
-0,057596438
-0,120691404
0,48938328
0,3905103
-0,30138904
0,15833238
-0,2815872
0,36024374
0,20080672
0,092236914
0,40113676
-0,3755741
-0,031318635
-0,2553393
-0,27678496
-0,37721524
-0,25743106
-0,27999887
-0,08056546
0,53802913
-0,1363046
0,0022645514
0,07318014
0,54843175
0,49003783
-0,1659694
0,023876412
0,3478369
0,10676093
0,005870904
-0,08313839
-0,21979663
-0,27155396
-0,12267339
-0,36743978
-0,052187067
-0,23031858
0,45251232
0,21310851
0,18009381
0,2545233
0,039986327
-0,036805753
-0,25118634
0,22072281
-0,07868476
-0,28253725
-0,44349235
-0,2539449
0,3176122
0,015685076
0,1940836
0,42230457
-0,3106803
-0,1965411
0,23928277
0,099771045
-0,027142087
-0,23085657
0,32815897
-0,01968856
-0,16524175
0,049432
0,15691423
0,039401513
0,3172622
0,10020507
-0,36381727
-0,32989407
0,07266341
0,3573121
-0,28424442
-0,29868734
-0,1669425
0,49303052
-0,14968719
0,22206788
-0,00038006136
-0,19287235
0,04204761
0,11555001
0,08635725
0,4669194
0,19598797
0,1479778
-0,027478268
-0,1205777
0,40469077
-0,4869859
-0,105019376
0,32769188
-0,27993587
-0,08555161
-0,18759292
0,013404718
0,006247185
0,09333564
-0,2620737
0,21065387
-0,23970516
-0,075125664
-0,3337479
0,25935656
-0,0773472
0,27097544
-0,36262122
-0,32394505
0,1341852
-0,18031819
0,1266772
-0,37992623
-0,37733418
0,43543842
0,6393707
-0,31476012
0,18074428
0,047653783
-0,1688124
0,09303412
-0,32984626
-0,12459324
-0,026855435
0,16023085
0,18371975
-0,40303203
0,026895693
0,03216654
0,16879396
-0,42348605
-0,14402105
0,06488391
-0,06284185
0,022078294
-0,3171431
0,24434654
-0,32639655
0,0017072092
-0,65741897
-0,4712541
0,048122372
0,85133153
0,024364362
0,28336844
0,14965375
-0,3639818
0,19464785
-0,2207333
0,23839252
-0,26885474
-0,3891937
-0,4475956
-0,16308147
-0,15480532
0,045491267
0,10353442
0,15818848
-0,3039465
-0,34980023
-0,0285658
-0,22648206
0,30351484
0,015313907
-0,007933463
-0,3162291
-0,37993926
0,16054916
-0,18442975
0,19776331
-0,19282873
0,3246162
-0,12009639
-0,10194003
-0,2493042
-0,12152564
-0,2767859
0,12245529
-0,18108469
0,023341013
0,38379428
0,03324722
-0,22862174
0,21455956
0,16500865
-0,007823311
-0,13700564
-0,2926181
-0,21137694
0,09190436
-0,046768345
0,26274183
-0,50971323
-0,06374617
0,0782618
0,36024866
0,028597075
0,033996824
-0,14508644
0,07872411
-0,26382503
-0,3159137
-0,0035529688
0,13242716
-0,085153416
-0,23697895
0,19132842
-0,074758194
-0,36842278
0,18755966
-0,52922434
0,20415734
-0,0795315
0,05233216
-0,27705592
-0,27959198
0,23477389
0,22543843
0,15590498
-0,049606446
0,21745393
0,14471744
0,1293745
-0,05986219
-0,23483339
0,12601823
0,16125482
0,24430238
0,14914969
-0,14839652
0,04811246
0,048066635
-0,15948428
0,15987666
0,06611954
0,13108456
0,14095087
-0,17331149
-0,13309914
-0,081543624
-0,032287642
0,10739525
-0,01999637
-0,1794368
0,051000286
0,109709926
-0,2680366
0,03544047
-0,2484697
-0,034006882
-0,19193767
0,22242293
0,2171066
-0,14606525
0,107041925
0,0410195
0,2551205
0,25189307
0,24526763
0,22068658
-0,044079963
0,2563544
-0,10491932
0,25759056
-0,23339638
-0,0061666067
-0,07921812
0,05098512
-0,16112326
0,119876266
-0,14073806
-0,008000299
-0,08227051
-0,018140227
-0,14990143
-0,2771092
-0,16938573
-0,28003708
-0,3113971
-0,054537788
-0,2270406
-0,4070495
0,16770115
-0,20120326
-0,261327
-0,31220886
0,35199964
-0,34243235
-0,3645013
0,22502732
-0,14043255
0,2930538
0,050883174
-0,010310078
-0,18600485
0,049485672
-0,21515831
-0,04955298
-0,34201345
-0,40980107
-0,25016433
-0,07450152
-0,028886847
-0,15100308
-0,25046018
0,26527852
-0,22265233
-0,03814822
-0,39961094
-0,018470505
-0,40969276
0,20565692
0,35800344
-0,025919216
0,18601546
-0,2997298
-0,36802137
0,3191261
0,093669
-0,1926983
-0,03170802
-0,025967157
0,09401081
-0,36680213
-0,1983446
0,034722447
0,2007092
-0,34739542
0,32539383
0,14117944
0,3157264
0,2138154
0,28698954
0,36920345
-0,34492904
0,13994643
0,13141598
-0,0979149
-0,02353696
-0,088356055
0,21400121
-0,12634668
0,40331215
0,053477537
0,06302778
0,17357509
0,43160275
-0,40162688
0,23713744
-0,3007013
0,12654378
-0,2515897
0,17240657
0,35781145
-0,016992228
0,21039024
0,19874164
-0,22375536
-0,3296393
0,046533022
-0,33915606
-0,22052507
-0,080446415
-0,2922223
-0,112566516
-0,15142933
0,31073415
-0,38517642
-0,17543475
0,22655332
-0,104000986
0,034473095
-0,06993133
-0,19250523
-0,04602336
-0,23506679
-0,13083306
-0,35059255
0,0025063353
0,14929469
0,010366228
0,14144617
-0,23650804
0,35687023
-0,27469438
0,2090333
-0,34814358
-0,3306785
-0,23104264
-0,30355254
-0,40421999
-0,027081253
0,35803455
0,19261959
-0,24606806
-0,027213756
-0,03268108
0,37310955
-0,41359493
0,06996881
0,17610492
0,47259104
0,06773715
0,056120373
0,10880742
-0,18269065
0,29145256
-0,16205718
0,111945644
0,021046454
-0,022754604
-0,004926135
0,17472294
0,18915136
-0,17380458
-0,28027338
0,04674005
0,14086087
-0,29138678
0,3422845
-0,3248245
0,35269025
0,81884676
-0,3870645
0,19785269
0,47415924
0,085460745
0,15125255
-0,48673666
0,21695673
0,29772067
-0,0412065
-0,36537787
-0,21991387
0,045311987
0,02468135
0,3621914
-0,047612842
-0,37736824
0,04800546
0,2567352
0,45504913
-0,15750548
-0,0067854393
0,036598973
-0,15302296
0,16759954
0,1869789
-0,04626973
0,45290676
-0,04604516
0,122317664
-0,20414154
-0,40703177
-0,15113024
0,29807907
0,2700288
-0,055784922
-0,30663148
0,631987
-0,19391191
0,0705344
-0,10886205
0,04282991
0,20631523
-0,06176409
-0,00066098623
0,026795296
0,1444598
-0,28150585
0,07658766
-0,2999273
0,44386253
-0,04508741
0,12839982
-0,049015485
-0,19706914
-0,25902158
-0,037694216
-0,22658755
-0,3834992
-0,3815179
-0,2573115
-0,40781584
-0,0965408
0,19105893
-0,16861317
0,1755103
-0,3373473
0,100556314
0,11765325
0,24416922
-0,12624905
-0,25889602
0,53147054
0,2884034
-0,35706815
0,17617117
0,16283451
-0,31309152
0,03386833
-0,31586802
-0,5269662
-0,49363318
-0,03230575
-0,32508177
-0,4457227
0,35859758
0,17167707
-0,16789716
-0,06355983
-0,09796757
-0,52656245
0,30391845
0,15030697
0,20681827
0,21635048
-0,061852522
0,25089908
-0,30373228
-0,089793265
0,5468853
0,3241999
0,19757195
0,48874572
-0,28289416
0,21523467
0,089676134
0,07408596
0,34634885
0,12332222
-0,46569115
-0,0048508164
0,011282535
0,5610062
0,5247323
-0,277901
0,2611758
0,01399076
-0,31628507
0,08145587
-0,20265917
-0,19967298
0,23275366
-0,24739054
0,20490776
-0,23620215
-0,013037029
-0,19219862
-0,41994935
-2,9088253E-05
0,20470098
-0,11025621
0,19664906
0,26340985
0,2215841
0,056354817
-0,30930346
-0,30943
-0,2748935
-0,14464022
0,01061888
-0,10789843
-0,021762459
0,21635458
0,0398296
-0,22036
0,04368004
0,2103216
0,19469331
0,112272985
0,3210519
0,07956799
-0,06244376
-0,12032339
0,32706967
-0,028294168
0,2770175
0,11853941
-0,29640883
0,30534154
0,14301263
0,1939928
0,04939568
0,26064396
0,29597563
-0,059158824
0,11429061
0,14883222
-0,36672494
-0,2533216
0,255453
0,25574878
0,0057343645
0,15278815
-0,31382486
-0,33237457
0,1950286
0,25094634
0,18986663
0,099529855
-0,06555596
-0,3374932
0,007610908
-0,07462633
0,27986717
-0,26624563
0,28815362
-0,092824
0,32824516
-0,16348818
0,29286373
-0,016683862
-0,28771824
-0,08891618
-0,005707559
0,18284
0,18464279
0,059744213
0,2888283
-0,33202925
-0,1755923
-0,21818395
0,022503959
0,0058957753
0,16782986
-0,29250503
-0,1453288
0,1860867
-0,13171895
0,11108399
0,18431894
-0,4017879
0,28193334
0,09826682
-0,03936705
0,17902505
-0,21947676
-0,09165888
0,28992227
0,17253795
-0,04427995
-0,11716688
0,115687944
0,31092167
0,048314292
-0,09197268
0,02816878
-0,27474582
-0,18798968
-0,19095181
-0,14321266
-0,21926248
0,15007026
0,017828258
-0,26341075
-0,1151986
-0,18215986
-0,27577475
0,007243431
0,3203097
0,15646616
-0,23053116
-0,31544074
-0,26552993
-0,014671646
0,08047558
-0,08521317
0,19240542
-0,34179604
0,18062986
-0,06966691
0,06976262
0,07679797
-0,2397602
-0,017012801
-0,31406933
0,08632786
0,25913313
-0,20929162
-0,006196124
-0,3309079
-0,41640347
-0,071533225
-0,30732208
-0,028571025
0,019201323
-0,1260681
-0,079876214
-0,07516351
-0,23326312
0,03211266
-0,21151413
0,1872935
-0,3655193
0,24052176
-0,12203794
-0,10208567
0,0019107005
0,037889566
0,27981415
0,054863624
-0,19820526
-0,40830752
0,018754939
0,29406074
0,3110799
0,17359303
0,13588789
-0,19716857
-0,31924143
0,096980356
0,07892518
-0,30325857
-0,28866166
0,14278942
0,20071697
0,21449018
0,2760885
0,099726245
0,30035728
-0,16451383
-0,19766961
-0,20169379
0,30702588
-0,10715686
-0,30100885
0,10963256
0,001092513
-0,17703757
-0,20395745
0,1799221
-0,3020066
-0,20426269
-0,3154414
0,100641824
0,30233184
-0,31144422
-0,28896233
-0,2033695
0,0008345708
0,31847385
0,20203146
-0,1717966
-0,09818978
-0,07297176
0,19706297
-0,21059877
0,18798576
-0,088646755
-0,1971736
0,032692
-0,11487267
0,19778444
-0,002746163
0,19874913
0,09328032
-0,29516014
-0,30782312
-0,29542422
0,19709568
-0,125466
-0,2953268
-0,004647053
0,2892057
-0,19754165
-0,004813443
-0,10991681
0,29467526
-0,10992483
0,07301029
0,09908482
0,093288355
0,21358642
-0,21720736
-0,3162272
-0,00042164393
-0,3078945
0,2774887
-0,05967179
0,09108823
0,32126588
0,24619202
-0,21146798
0,28622288
0,104722425
-0,10210447
-0,103492476
0,18651825
-0,1038
-0,31262636
0,2650418
0,27892524
0,29674146
-0,08866163
-0,15721059
0,20071697
-0,08550986
-0,22391148
-0,30027375
0,20035723
-0,06451382
-0,19766961
-0,001693756
0,20702575
0,092843145
0,29899117
0,10963256
0,10109252
-0,077037536
-0,10395751
0,07992215
-0,3020066
0,0957373
-0,11544129
0,30064175
0,002331802
0,2885558
0,011037645
-0,2033695
0,3008347
-0,18152608
0,102031395
0,1282034
-0,19818977
0,12702824
0,09706297
0,089401275
-0,012014206
0,3113532
-0,1971736
-0,26730794
0,18512729
0,2977845
0,19725387
-0,10125087
0,09328032
-0,1951601
-0,10782308
-0,09542426
0,19709568
0,174534
0,20467319
-0,104647055
-0,31079432
0,002458359
0,2951866
-0,10991681
0,094675265
-0,009924846
0,17301026
0,2990848
0,19328836
-0,28641352
-0,31720743
0,08377287
0,19957832
0,092105545
-0,2225113
-0,35967177
0,2910882
-0,17873429
-0,25380805
0,08853199
-0,31377715
-0,19527762
0,19789557
-0,20349243
0,18651825
-0,30379996
-0,21262641
-0,23495813
0,007001615
-0,20895271
-0,010231709
-0,27596274
-0,06552085
-0,20960553
0,10273844
0,20269324
0,20127642
-0,0360411
-0,26741806
-0,2489538
-0,12737244
-0,11352846
-0,1916831
0,11034971
0,18475069
-0,2868203
0,060185764
-0,30689666
-0,29486835
-0,11975046
-0,037319005
0,08247328
0,07927531
-0,33090627
-0,20246778
0,20006646
0,10724046
0,09785515
-0,013546472
0,094557576
-0,20229225
-0,03809596
-0,09829802
0,07290591
0,061993077
0,31369832
-0,21162036
-0,007533789
0,29001114
-0,111459866
-0,08191043
0,10459113
-0,20990773
-0,29803544
-0,015032298
0,18900199
0,2874079
-0,31524917
-0,10722234
0,15525308
-0,1181214
-0,2076944
-0,21934287
-0,21499862
0,19565254
0,29021183
-0,0357606
-0,096482635
0,28205356
0,17850499
-0,27677622
-0,32082456
0,235302
-0,12515014
0,28151187
0,13066563
0,25896913
0,033326518
-0,15065987
0,17813124
0,27554527
-0,26344338
-0,30798632
0,096996665
0,25806525
0,28510717
-0,026048467
0,05407949
0,0315191
-0,0056942874
0,27842993
-0,018752087
-0,0662379
0,1759043
-0,17335005
0,30296695
-0,19908081
-0,17152728
0,33025166
0,15273994
0,065601826
0,19362837
0,109325714
-0,19928282
-0,21634185
-0,20978285
0,16414326
0,21318136
-0,19286174
0,18451217
0,17812227
-0,11816855
-0,32305658
0,080537945
0,28649452
-0,09656405
-0,19359413
-0,020618757
-0,21557786
0,2663542
-0,104102485
0,23487586
0,20463902
-0,016495336
0,27400735
0,10234513
0,18555324
-0,34022573
-0,19511612
0,29075575
0,02083572
0,30584198
0,09681197
-0,10287539
-0,20720921
-0,31557378
-0,009687777
0,31021684
-0,011895489
0,15990011
-0,30732712
0,0898473
-0,11452941
0,1949182
0,10097721
0,00013659731
-0,008770886
0,10443255
0,2887652
0,26491854
0,040431105
0,09540262
0,33572373
-0,31725574
-0,0959769
0,09033742
0,26788095
-0,2879392
-0,09685189
-0,010400792
-0,11067757
0,13183433
0,09411831
-0,19951092
-0,12845305
0,2889071
0,18657795
0,089037634
-0,1
0,2
0,2
-0,1
-0,3
0
0,2
0,2
0
-0,3
0,2
0
-0,2
-0,2
-0,2
-0,2
-0,1
0,2
0,3
0
-0,3
0
-0,3
-0,1
0,1
0,3
-0,1
0
-0,3
-0,2
0
0,2
0,1
0,3
-0,2
-0,3
-0,3
-0,1
0
0
-0,1
0,1
-0,2
0,3
-0,1
0,2
-0,2
-0,2
0
-0,1
0,3
0
-0,3
-0,1
0
0,3
0,2
0
0,2
-0,2
-0,3
-0,2
0,1
-0,1
0,1
-0,3
0,2
-0,1
0,3
-0,3
-0,2
0,3
-0,1
-0,1
-0,3
0
-0,1
-0,2
0,3
0,2
0,21487604
-0,20565462
-0,38686025
0,15335806
-0,21937484
0,38950762
0,047458053
-0,06182259
-0,00054317445
-0,03960243
-0,14149438
0,0059527694
0,0854835
-0,10453379
-0,08153193
-0,24716972
0,27751058
0,31023568
-0,21129425
-0,14078069
-0,3096299
0,34203166
-0,1065021
-0,17570688
-0,33796376
0,26252514
-0,34817505
0,13263546
-0,23513423
0,34607455
0,1457226
0,037569482
-0,0044097686
0,3384001
0,110867515
0,2818139
-0,29060322
0,24499057
-0,2724219
0,022124777
-0,13472304
-0,15729749
0,2311612
0,070600145
0,21858242
0,08698223
-0,12812395
0,21849398
0,27635998
0,42077762
-0,08511879
-0,037841216
0,18496647
0,06931733
0,16966172
0,14510502
0,26720133
0,23693343
0,096469656
-0,11897149
0,2753733
0,20481525
-0,1718033
-0,011357023
0,29351074
0,17749752
-0,302403
0,14529924
0,32002017
0,10072558
-0,3271516
-0,13368548
0,28009155
-0,028067172
0,27058685
0,10038578
-0,31642643
0,028951421
0,0010822744
-0,011330094
0,28007433
-0,20116296
-0,00070064183
-0,27633724
-0,12845494
-0,17455006
0,046244875
0,36593553
-0,19737482
0,27073193
-0,3543619
-0,20896599
-0,32438263
0,11066983
0,24733312
-0,06858818
-0,21581213
-0,08990258
0,186792
-0,34444162
-0,017207975
0,17296168
-0,29049212
-0,086599074
0,26213104
-0,13531083
-0,05626369
0,07049311
0,050773993
-0,23782383
0,30661684
-0,2776609
-0,20206618
-0,14309114
0,26242235
0,12959373
-0,3004592
0,3689952
-0,14112712
0,09612823
-0,33004686
-0,35144696
-0,07697233
-0,22980954
0,02556486
0,08292138
-0,3302106
-0,2970786
0,08055578
0,19167295
-0,0941006
0,1569589
0,18117577
-0,13321455
0,27746233
0,241067
-0,3471373
-0,13161558
-0,15720417
0,2750585
-0,032735255
-0,4168237
-0,15559441
-0,3007973
-0,3074384
0,17937349
-0,30244443
0,40079802
-0,26360318
-0,06854976
-0,13482635
-0,09646663
-0,33230177
0,22722836
0,2606898
-0,09150096
-0,2098768
0,19853899
0,31468064
-0,10559828
